6793556284
1419379130
5427422252
836329038
1567949547
5659754914
1656780299
7132616617
6505796657
6946048765
7926520207
7032109334
7344733020
6016264822
5151753548
6995247017
5420878998
1564672228
871952984
7597536450
904898927
6311381995
6579530483
870018848
7718532260
7663667735
96453843
5080960907
2116373069
1228663361
6876119046
7372111311
7331022404
5621413886
985119316
7219588096
434288635
8142892913
1531240410
1958312310
5447690633
7671901187
1967810251
1444244613
7107553688
280656406
6471373633
1966067317
7784588852
6285919565
5981464976
6281544863
1887692143
6423797799
2133579809
383592713
7152110608
1873505711
7786983243
1218033180
7077738101
7092806571
6899423373
5794825887
1109101863
676338905
1547265726
6382031665
6713164760
1913995981
7370382784
40162400
1396746497
6824051038
335073594
6639338024
5895883007
7472788928
690462193
736652946
7420530117
5801029737
6064992140
5858802244
5645265644
6630628731
6428759633
5615807048
5148994218
6820423837
6471100457
784623989
2121332920
1969107792
6748347533
6765854474
616854348
1163556866
6178582066
6597863597
5073101120
7918033985
5862933536
7354130653
5207460284
5243942491
1453357106
7360946118
7711075642
7780453409
5894636093
7394332318
346910735
5407916096
6104795794
1419109861
6004380466
5376834169
1533617904
6787839537
5572440226
8079533359
6143398963
5779491844
7572777352
7396410523
494102704
8008949854
6484577868
6407615925
1187465438
1655216946
107843800
660923024
7373369266
7304676197
7266194313
7688503145
6023276955
1414883001
6631460561
5377979354
1536937319
6506970804
5864991154
6958900295
883381699
7546701042
7236908740
5255401756
6461009943
6772128241
6467058632
132479739
6872082263
5413581604
6624573515
6697876962
5502017462
5744196902
1434728264
6221462772
159219462
6168054741
136730094
1195900175
7401959031
5538183957
310599809
351379006
5997850678
1927479661
365863981
1985647941
7667875056
899170973
1752723797
698285095
7017772711
6207092697
6302978062
1282344209
1475061597
6508799493
5408611595
1884084113
7126472217
6398144976
6769889125
6449370830
1903721261
1319586077
991310530
93684020
5578338017
6040610058
6024183471
1410936223
6319638324
563572372
5733374808
229062384
5250209305
1613610662
1430744978
1702465032
7535872701
6853770043
6019675306
7024678741
6488951498
7823642147
7165948209
7640291999
799083053
5638316214
1497195628
7065556726
6465777553
6533609918
7272928463
850636060
7110567400
1766610585
5413364381
732199903
7413720676
355275331
1646832998
5332238601
6570013985
5184747141
6793669164
6080595192
1071570467
1765132950
511191642
7163970861
1847018002
6257507877
6250928927
5770908181
127605040
7804243727
6993943767
692183230
7510669127
7456166223
6915641704
6595260646
900909692
137507581
5911564475
211029279
6975345671
8140358199
501750953
7544393737
6431786032
7544760393
5910833602
7610815089
7091362949
6504467279
6358174345
5231180878
6798310031
639393943
271381755
6940836872
793941605
1643624707
6903633386
414910984
1372203210
5201482950
6276832102
6649458573
6874979475
1559837835
6616236074
5321281423
1172255482
5200504203
7457094391
6301164580
7262716508
8124916221
75220892
6915538678
6352007252
6087786702
6212439421
7567527270
6363093217
613716344
1215863434
7871910185
586588735
5863044034
5615468495
7170154220
633209963
6213547351
6328282432
5453172677
7098376173
7031662338
6996113533
1787354416
6155507498
7392586401
6331936638
5779548743
1024380697
237907326
1632238102
7727668027
1987147597
1187444875
6303505747
377353534
6508695552
5178318487
6470719256
5988601478
6416921045
6289123777
6856370895
113867479
6538598299
5531105466
1983120079
7805042030
6591810893
5365668367
5937698280
5231566286
168708867
5812260340
1603872757
7393683885
1468902300
1272025188
5937035953
1035788480
1268832593
1546331849
6473316619
7072645534
1020181623
344283241
6671638970
7305864497
5764676257
5129358859
7994309141
6838288138
6430046991
7371849734
7134752455
7788917750
2014136273
2128433887
7055466679
6563881024
114720348
2009103542
6178367706
1090266894
1640980698
1031451320
5986097809
6454924992
1199734060
6301655182
6759656402
6666210240
5052120378
217533564
5207333111
7763374127
7291848805
7414400380
789459432
7590766549
537336442
5049960906
6297966960
6543858361
418369130
7894448515
5364004485
772242388
5441661811
7672054311
7510340755
1254199134
6981980180
7501323142
223956262
8182372980
6574975454
5365639504
6250842282
6435657698
7858176118
6664527808
7973323149
473301762
1522639514
7124190367
794046337
5908216821
7736354315
1901720556
7103116479
7726896582
5220954435
2146354201
6254284371
5153282794
7485246766
6606486867
7125557797
6118322816
8054850693
7584644338
5495713923
406231322
6220277568
7013139730
5920060144
6774817318
1199583537
5994875181
766499972
6898356226
619228929
6476812812
7638824095
6154843107
6977472588
1269928891
6113767595
5393950561
5821154513
1785615638
80875868
5113336629
7014357597
72999345
6576488116
6316287923
7101039243
2125586823
6850215949
7605601655
163936808
5963820343
5070409194
6519529217
7802834839
8041664431
977404407
5965182072
7727293698
5235595830
453387778
7806574865
7625555777
194381140
1378637743
6447628333
7599166704
6795767369
913384601
5169186104
5884388487
8105245479
1281681440
5652767946
5195745559
6725601998
1030101928
489784873
6972844785
721709185
765239701
1887058598
6798210539
756918010
7873139865
5506389581
2020080582
410173981
5039979443
2076352718
6924709055
818246453
1561791400
504964128
6674163599
1431323958
1955857100
468909894
881425960
1053791654
2100653102
7398192186
1105164954
6024674244
6727376692
5079842575
5716172402
1513627710
7973413052
102149771
6748552660
5998974980
7145735972
7141098712
6551316419
6796293061
1311910304
5316104346
6576293516
6465508206
1693845731
960426985
6270959446
6337456371
7312985932
7597070057
7743568301
5574489654
5765435924
5860530680
7713845871
6524010464
5675009961
2047510822
724222023
5063270756
6820265965
6738077561
7127490090
2038810539
7680116929
7661924997
8110227134
703633505
8174583103
7545667392
1768141033
650347043
365864839
6225926130
6604626810
7746927683
167794940
6900302459
6710943699
7249442109
6320806275
6035326678
126806497
6026587935
7398023420
7831024517
1811266779
6991976068
7100787371
6583951588
1130681350
7953941037
5329618769
5189275171
7828959319
909537634
899098893
5857152876
1281452255
6822680083
7626032284
6894747214
6253916850
5454802382
6794537414
5605292744
7303627005
7455425945
6210102218
1770582713
5739699729
7594150226
7930566333
1984040645
7034022031
5292878886
7120363122
202761370
1084901636
6654851100
234199157
697951919
5947905658
7096636823
6879561658
7859402018
7657948077
7868210806
6312672353
5284107989
1294095211
7832461607
5518359713
7824398031
5774675688
6484882228
7537743884
987218459
2071158623
6062625629
1206309373
5817618683
770942071
6339677539
7708708641
8100777778
636025798
7611045772
7766215838
1720598675
5485251165
5708657052
7291013741
154996434
5089240405
2114796810
1181147365
5621561992
5094877160
6829339840
6671000567
1079503526
5677971549
7503667708
5682320712
5432688441
7984508615
7804528171
1432183028
7187966224
1561591772
1551479062
7152150906
5881415278
7894593807
1147152067
233175632
7746943649
7929971562
6663415752
1729143182
7422341197
5817577128
5609861164
6054769401
7127930241
6742684962
623794098
420983617
7426717426
1672571242
6688383933
7538529934
7267363898
5649828919
8101092870
6545722772
7668449564
87351926
6450220470
7283753259
6619240338
6954770744
7778738896
7149451472
6668976041
5427276793
7314471520
536778395
7729278915
860099383
6172731027
6532060655
7435440823
7591278363
6221183964
7629694135
379859294
6153989096
5475344373
1480082775
6347489642
420474759
458030531
5981656087
7030308581
5698173929
1938066521
1943331859
1781846088
7328373529
7110786885
5118679766
458471596
7924854039
934213724
1094156325
7814785344
7891335242
5951386156
1371524519
7742249181
6431917598
5466751783
6497319643
2139973871
2109004913
5613051793
1307055982
7722687074
7063306118
540065235
1284214429
7562741016
1312237634
6592586200
6292169429
6191191783
689143935
6716435902
8042116819
6414106461
5722460712
1748751061
394192397
6868729617
725503886
6899895996
117451462
7271062912
874218149
7542119765
6301377326
1890295912
7685436700
8012723470
5848625778
6085485671
7130613031
6625910523
5481892277
7603747170
7487713118
7280224271
5803946232
7817415322
6123556940
5442556239
6742491921
448015264
6679741582
7776384413
5353354360
5815961785
7062047553
5764115284
6334635961
8156304443
8177757701
5432255311
7943848656
761299830
7912876171
7935692763
7441377698
6964285151
7838180290
7980588231
2003171904
795090659
8087990651
7446252594
1024480863
6229694320
6045604880
8180217963
7468891767
1469323639
8087549540
5103831485
5006825173
7490798673
7425922252
7674156838
6309498094
7677698467
1143069464
7821557362
2010980522
1302279926
1750388054
8127539363
5015086066
6859836270
469944184
8176308324
7649922578
7813019496
5319430735
6097724056
6203785687
456837613
519297589
7975631090
137530145
689689216
7475112652
6465609479
7212807099
7816919104
7127013007
7457702364
5583304837
1140501335
7471251261
7551954966
7850645302
1702644751
5756139334
8151645165
5847978850
1281233292
7020578671
7673525655
7869142616
361662762
6657246146
6701286765
7112045112
482560338
6243682607
7572660231
7803327105
1480367706
1042822313
7121678514
471411047
5930816878
7696021626
7642431101
7430935040
1130437235
8051001384
8030808708
417594132
6628792537
6165357920
1986814609
7413935295
6997000050
6192914119
7972807406
5111546170
7534432717
8169636654
5975768745
428255209
5070227818
1610824315
6942434892
1099511138
6148047810
5935646450
6511925729
6174685933
6812271089
5972630042
5807754332
7215849085
7692691694
5574098066
7823562249
381642623
6425994278
6633986782
1547983553
5835945059
5373077462
7677354440
574971959
1030720617
5344124566
7297528590
6502405278
7041374582
7087642754
1167344841
1870494780
6268042846
1541727907
5233367239
564026329
513819636
476225502
6785799666
5014023356
6320309681
1954516441
5732323900
6830202333
6512245658
5926598970
656437356
8004630598
851865653
576421471
5955561081
7609201673
6225089743
6622394462
1511790156
5258605339
6548492043
5982338182
6831392369
5793067859
6989826240
7113288930
7162223035
6721257350
1516344657
121058185
7061669065
8039082472
1868881900
7900972377
6609620031
6338718395
645417759
7838985926
5289453526
7772795403
7407110008
6347113436
5896220909
7919816412
7911743769
7641792302
7079559528
6621044612
1301831633
6143066300
5414442712
7894407386
1520083357
7074887970
8064747110
7200538853
2099685685
310103113
6841744909
7776796061
7588536254
1441508948
8143676876
7093426414
7992063676
5161144022
1312035339
1645952937
6488218936
7568194437
1784854605
7079396339
6482810012
7266760931
6761003408
572275649
652912685
490484416
6568396956
5322530555
7940128802
5727335305
6746355560
5970326458
6552985674
2013841422
8110579620
6884583733
323438033
1818306895
7017215540
6867324765
1386931563
7437066543
1842567910
5493079718
1530960672
6634065080
5567305050
7306922833
6988864821
1316339483
6309113785
7217108244
6022271632
546154165
6939881398
1682777404
6231755876
7271216956
1933751686
6327400583
1782668031
7435734676
692098257
728333023
7113543580
6773951150
7799250207
8083595415
6576170314
1305962375
6935689747
767296060
7688064149
942907226
7667747505
8124882454
7651460869
6462518884
7275464229
7321195952
5486533931
7010555976
5501151012
7849526759
8121868722
1493456700
5642498033
6949695064
6019172001
7040954859
6735308583
5257234414
6530524782
6224837228
7221870650
5086946276
7216902096
7882822779
7685238057
7007645592
6075512451
6575000218
6314869199
7942729455
6113508612
5277708950
5341083358
7868482720
6249281870
5708913093
7462361465
5430145226
1745658431
7424926712
6979029302
2030161760
7638653316
8138632366
2072539487
1096359921
7278838377
5606625055
6708782261
671753763
8041821395
6852001835
7254616534
5855752427
1782922165
7996474415
7289648429
6075880273
1270619394
6782569811
1671548980
96049527
7702742106
7634726723
5990384808
1150203506
6540395333
1816355155
7530521057
8121892487
6362624142
7613593813
623991589
1898117794
7569122800
6567854383
6815922544
6915397440
1237116834
7682580158
5399794566
930301571
7794916894
6096592064
7630796803
6963551666
5062335520
7763580090
6654454663
8011447147
5262818559
1764299304
7632088613
6614621563
2094256774
7387731835
655563650
6416650386
7802138486
7470037874
6921263312
5469703968
6730532163
1498511982
1574686181
6759009535
408505124
448469277
6916615868
7851960430
5841354616
1800382154
6608934275
8177300110
7931474523
7287974617
8075069311
8117414915
5866724081
5963686985
7285697036
1690059616
7566718116
8169821803
7638261322
8051080916
7150310004
2031477682
6537445828
6902615753
7500950659
6780844995
6305983145
1119418987
6582437127
7875557612
7968339387
1217050161
7316231568
6168608568
5653527567
594134475
6689269033
6677846183
5790486314
6636013203
571631058
1945087283
5161477793
5170646480
5693609033
5108315996
5907237480
7419291932
6312187997
5472934183
7388331757
1212487748
7617386899
1505770501
6296930983
7843251380
8139445107
648360033
1895625178
8005756097
5270402136
5976852139
8052923790
6866759049
7095359897
257449106
7262959355
6128527282
439507365
7337862214
7495961269
1523509399
7214241558
5320245524
5528546018
1997383503
1408578010
6096330980
7924819984
468346439
6568053113
912737100
427394666
6901690208
1485710792
6139509749
7550095106
771293807
1650817487
5089051286
6973943645
984570828
6246997324
6538397282
8057570912
7170369843
5756568432
5512652107
1466967672
5475999170
587688588
6236083807
7233639645
8164961177
7787664997
7601085770
5748649988
5187948721
874988132
6768401503
6980621997
7868605340
6981754866
5916059462
6519058762
1290762572
946779758
6844431748
6246285157
1553860874
5703547065
85039208
6363589509
7942062888
6167282974
7830857417
7309966159
1536533652
2128763650
7620101911
5027711058
5091270775
337645592
8075037801
5707515367
6811601278
7581391299
7988867738
1455186006
8047560403
7375828576
8127412788
679583762
7334427993
6242763188
2126310676
7034160156
1697731785
6651473695
5120562371
5966593250
6463961177
8110898589
5104735651
7766244958
7341271282
1637658847
6194786185
6964948132
6786512423
7440927329
5410927570
6114431495
7951377836
1899579321
966928288
7814277020
6218119994
