7603328208
7068112636
5930586903
7823856861
6221183964
1208293352
6283031599
5519363899
7798906133
7689776310
7647512973
7120216844
8131627369
6126559261
7614238130
5930261903
6931487109
8192835962
6911057891
7349688440
5747991394
1572151946
1497867592
1349249115
572729337
5896037116
7517147537
7027648035
5742176691
5262818559
7638934678
7171070803
8327603601
2043422153
6272650738
7814009498
5861623413
5831706171
6594392556
7402604776
6366964698
7180708995
6860424196
7308545794
7641792302
1916062727
7147020226
851865653
5124301211
7027516160
5334447876
468346439
5466751783
761299830
988307020
7367641907
6440467077
1455439764
2028823775
5690373362
7203252456
6412958459
6894721736
1462519169
5608118283
7274605582
5637602495
6364224666
7218030367
8192806145
6032110046
7520131550
641604704
6053209579
6096236812
6225926130
5301111046
2096248886
6037691796
7608341561
883381699
375872289
5586567680
1234557689
7470368699
6477938269
667614612
6351946752
5688041873
8348237758
7859893219
5589281470
13447796
7148163744
5881622376
5614710756
6946048765
7331022404
1634374966
7730066060
5407504214
1413544375
6058830337
7710001444
456704689
2030593287
5757495241
5091270775
7174751102
6492858363
7395900768
6567213528
7660198438
6420415581
7452585719
1303207839
6718319518
1012830858
8179990495
1267671575
7382018045
1350745578
6500076579
696992130
7730627189
5470815724
5780282109
1997383503
7931463333
7278211377
2109004913
510675621
6156272025
7385840704
8010519591
1466967672
5833994864
6776626261
893560666
5118268506
7347804563
6033860969
108451595
7094702781
1919298816
7837912166
6526126522
2009702608
5807152039
8057570912
6120869388
6607075621
5430967576
1784854605
7293461292
7964961495
6986930803
948884178
6655741190
1815193523
8138335974
6268042846
7117331010
1694678851
1223017002
6752694001
5460844526
6727876101
7402429362
1577737895
7080110786
6764483697
6754525237
8083312698
6763112364
6207643657
7501993241
6167642035
7276994632
1867723303
688229066
1989426925
6408812595
7468545624
633878603
6760511486
1103615104
6696389817
7181451081
1264570515
6606956589
6321008997
5426463340
1982654382
7849467454
6254562641
882402887
7481843647
427067901
2127581791
7078866242
7373839654
2019797773
7952305314
5941727700
368830347
6965507959
5940705167
6520090908
8244898838
7476205357
703781470
6230532436
6527899195
7650438145
6722667800
7896555430
7811224714
8297903223
151631907
1129542931
8492909823
7600167942
6671214197
7133037172
8077784384
5418241815
7733278531
5245170035
1745939090
5606625055
5395124728
5028567427
7761629340
1322358027
6217472281
7731200825
7774888037
5996485742
254659305
7411584988
728223084
6486998540
7450312177
7195259733
7926727019
8125000546
5871329047
5512652107
7832461607
5395023791
7107746959
8284236837
6689861178
5213127282
5986097809
1817977016
7039559213
7758941414
370030467
6305686345
6868375994
5207693770
7570288765
7920442622
6210573805
7972936757
6749471928
7288115120
406415788
5991088074
861583520
7709077130
8088255422
6049867114
6118615978
220519684
1200163856
6261176218
962359572
7003245419
427639219
8408880490
1006374226
931490420
877187882
5084879367
5993099296
6929749584
6036627501
7717243270
6837170132
348691685
1341055677
1021038332
6552604494
7316001179
1378821610
6851798021
6569976041
5634944954
7263990381
1286862298
7723420761
7776554882
6635870321
1970146556
7173976934
6121883932
8087022731
6201183970
7171211146
7781697810
6675334672
7929426081
6420781903
695285110
8179134413
7968339387
5668695963
7218745590
6100509914
8177956919
947539619
8259201195
5943660167
5638302612
7233890152
6919691751
7377516475
7599230838
810299040
7550095106
7329104456
6504374170
7531578806
7366361660
6748941575
419468189
5745680265
797135162
702833968
7073457456
1181684384
848861479
809823135
7064671968
7277542868
1943331859
7905532678
745197257
6590998796
7767483125
1261820294
7786501498
5794221422
7668323330
7467310736
7387851868
7076746590
6842227147
7336637584
7080555681
6057347546
5614515689
6787839537
7095359897
7787358797
1549387048
7670092270
1717774168
7981811740
6318050800
7016633386
1303387983
5891801297
1564879025
5932665010
1056552317
6741832907
5833500606
7481901102
1749206575
6467490053
1564738027
6442087245
6603970185
5043802194
7310734084
1666683227
6376088716
8048498285
6712382447
5190575730
7545277299
1067540650
1410959603
1320265028
1478125779
7239331665
1536533652
7259332499
6501668882
290409105
6592545097
5653527567
452772266
6697113336
1505770501
6989791808
7603166713
139157366
426721055
5538438424
6489196691
7945917589
526547459
7868797767
7931343087
5884174816
7990539367
5148994218
5748558418
68517231
2011540485
6985132763
5654580444
6850918695
7161176647
8131341784
7799766660
7575808399
379500888
482560338
7077628489
1450604978
8169879166
6617452049
1464059667
8292949918
716172753
1863222170
7005694098
5187948721
7057396625
6723578790
6721257350
892147723
8180281664
5091240098
5324266382
1544183644
6419479535
6244751818
636025798
1851783429
5896611989
6748710742
5552827075
5597500681
51204970
803380017
7623305444
6835790267
6707678488
1969852627
1509805607
1293644330
6151583881
172584628
330409957
7529247835
6326322111
7255880810
7569094956
822417284
1638731631
6440631408
1159766934
1281730510
692468929
6207694888
6429178578
7608610260
189428810
8014961290
8089342399
7091411140
974201895
6820189883
7893222614
6975499959
1975232023
2031477682
7282749601
6185543130
6372727627
1770143699
423988248
6678403380
7425535414
685273231
927066025
6489425217
5650186996
5887438800
6317737400
6706920572
1304327664
1081936925
8189350865
5233421031
6240381324
7381570988
8188464215
6757199230
652400465
7576834963
6003087138
382387244
5662878487
7169889208
7872188999
7455880873
7972203670
5188922345
6082148645
5331308309
6316287923
6356872605
2100004155
5821547228
946872164
752360408
7766244958
5169350022
1345475110
7440178629
6377711626
6486725769
5042043918
8042861349
5641015363
7785459865
8270386631
5741845203
5157458892
5562977392
884392538
578697734
715240535
7773417796
7229836224
5815411452
5113785277
260301259
1101579608
5691416661
1841067991
2080835312
6101579362
1326915537
6392940269
7611004868
950611833
1510248679
7756879159
900580880
8140575497
1877524215
7999505048
7401344461
7659472606
7445839901
6275277302
6898172067
6708684300
7334427993
1728220902
8336260822
5410346826
6715130021
6307104751
1427172477
5493079718
7336024256
442315961
7359249456
1628975080
7942903684
1788382945
259851217
8445859353
519026166
6088910044
7354092232
6649582145
6114431495
7124069502
6882356033
966666914
1541164428
7305283462
7691214711
8414949862
6929605175
343512005
5058375013
6099026138
7618126522
1016100866
8125525286
626221534
7789188558
6470108370
7097289422
5599097150
7620101911
5658684067
6528211609
131020361
7707675175
7796129017
5085047439
7964774453
933761751
6664704102
1213133812
7275905134
6278323230
7622216145
7762582308
5727703774
5955452308
7714541722
7563444232
855863533
6794107258
1139157103
7011224504
7623206545
981707126
7964497920
7194335906
7002775100
1145576673
6231342751
6882098844
5947269144
1726464347
6527720798
6328598248
6059568913
7368055415
7750038390
5693942090
6984893287
571192022
7622484875
8117414915
7003004260
6078423588
7488890859
7254335491
5127118135
5621888053
7931474523
5856546782
5375982923
7062047553
5239685337
6550932259
6789035006
7189378791
7343773716
6497854853
5678497057
7108730460
5293094626
6571427393
8443061088
7309966159
7110672665
1650817487
7308598452
5965814491
7301761385
5116127111
7944073046
2029201257
7027517275
1917691947
1493916473
6337098003
6742059538
5180894922
6863113944
1517688197
6182838139
7141495309
6520789378
6760579254
1647530245
1528939302
1845960566
1678650721
5100472176
6759192759
1077924401
198735200
7186310779
1979415226
1436598474
5840208753
7069997186
5330528753
777897452
6627095502
6316355737
5856476170
779740498
1263508653
1933917512
7821518466
7952739719
115194914
7027823815
6602011918
444696663
5895276876
67760093
5376834169
590538744
7391745874
1319279932
1278830094
1652739739
100296668
1965460392
7977759353
7304537833
6910935366
5249527478
1244081881
1013157102
6418721809
5681871521
7136245853
5516663256
6640325824
7217108244
7741983567
6172737210
930301571
7635070317
2047653869
7176659184
6317850637
5737255505
7929971562
1272340980
8026299996
6859866587
696846424
372043163
7159505150
8336509528
7681173855
6207561302
552799662
1151348154
5536175296
499192186
1608519926
8067429571
5435777562
2094256774
6707662340
1385002982
5966593250
7618823858
6081137585
7430515299
5783912821
1711910550
5182174402
1886324239
6209174949
6017619319
448169403
1852821884
6995052506
5675009961
8070294977
6689269033
7566718116
7829010194
5021572122
6977670544
7184824159
7300918206
6965941372
523895311
1873365028
6591398383
7553531229
1395756933
1150677391
2073040888
333684197
7836295033
7029508314
6764593702
5609861164
180180395
146189344
6901537455
1615217230
7113543580
6634315506
7882285298
7024678741
8030403011
7131626058
6459584484
1564581179
111910136
1199545460
912737100
7992392020
1581076390
6372855512
6795658908
7883050763
6859525717
7896509146
5967082481
775306952
6786834487
7045885361
8012158886
5402018195
6415029459
7760185057
5580779683
6075879966
7394332318
7727981363
1982218174
861502320
6264339026
477738883
6189597467
1454085788
342298411
2007646333
7805793130
7797170541
1969887136
7810566660
6374108585
6465698276
1635866378
7414529060
1216477007
6102568832
6956738770
7317201963
7908814137
572565910
452231401
7134480713
1378637743
8216904095
5204156932
5638316214
7253891215
7297528590
5016893238
6048784053
6223981755
8287717089
5054231991
5220954435
669128086
5182079174
6929573533
7705588565
8037360476
7759505217
7388331757
7077706033
8127412788
6471100457
7471411362
7990062787
7632304158
702284058
5315509316
7514587046
7604809503
7735719497
7072970964
594134475
6286121527
6649742906
7671860070
8046336410
1527653762
7396083742
7873537074
2034047306
458949269
6741235155
6957336835
6193934811
485306709
7879943062
7261390277
5532852055
8103483489
1088454547
7143613498
8159848945
7454874180
1175201458
6281570005
1521803982
245863391
7776849505
28393212
6617421810
771293807
1341500292
1023909179
7219801253
7749529110
6622394462
5237107322
2086928443
1625600799
7337122710
8315127180
6849008742
7394204305
7704926997
736652946
5976852139
7004564796
5338686069
79536217
6239288837
7382654777
6911851112
1209280277
1799723723
6623191990
778901626
8116168361
6829265817
1856392557
6228494940
8321614416
6425156817
7625545217
7515994783
934538088
7495961269
7516358664
6716435902
394983006
7250574813
7090506540
1380992006
2066172530
1044733330
5344982354
7409378312
7943193945
7760362616
1762049171
5748649988
1565092091
7893030570
7723040594
1042700888
6313818828
5020208760
7396576431
6436520313
5029957471
623295995
5168973804
7584815753
5998094590
7057806221
103955424
5764356405
7323175109
8155691194
1279137955
5792193519
508401175
6276663
7370754903
6509108008
8063209193
8234682678
7628449037
968062448
6094311036
1414096708
7318347295
5409071299
5307307832
5620981196
806317936
922946905
6715654309
8120245813
6324426481
5470791956
1408179230
6236083807
1247986060
6892600336
7646426776
1167367996
6143859725
6814170991
6011806924
810642868
677308123
5042851448
5517750795
5954819236
7591927033
7710499086
6066755256
1200170581
1486322104
5764859502
5604047829
205281037
7271959118
1446322992
7730787762
7289533948
7033907743
1928828908
6356151501
6867570580
5031396242
6589625265
1997802376
974847037
5395422032
1709933305
1452345517
6926747615
1725008504
953831801
7264586657
614796202
998588038
7583700990
7589366751
7970869371
7017100253
7539210402
7280533365
6744843167
5166802024
6485568603
7755814962
377122508
5372916277
7208643001
7666966947
8075097511
6600427782
2088940013
8172721401
5255401756
7445687274
1682777404
7378194108
8306581568
6879607538
7197723927
5477130966
5335426114
6561897380
5839739243
6840008314
7194994071
6349685023
6705872848
5033401070
1332175277
5956871468
8069937219
6013238330
106906986
7270155833
5146797019
7583708807
2030133051
1291765673
6626553444
8359067904
7581243651
5652935606
5499901165
711495486
5354672730
6510391939
543701133
308255720
594627294
7426921766
7468107327
5483378996
7192851172
656437356
6344639210
1291921195
7625742522
6485213295
6783423352
6694788050
5089051286
1164105766
1690520737
1566230681
7073538985
7836048728
1968301921
5127718901
436623481
7632088613
1851149223
5958132631
5661766088
888155865
8118932073
904317141
1976800850
7464728032
5578596300
6974496041
1710046956
6340482118
7930566333
6747591457
7901176854
7732403120
511456697
8231995766
7875484013
862691445
8452682865
7574034240
7993966937
6544465471
7566604707
99590677
7804532076
7856451251
7153448568
7040251002
7929111671
5794072982
46358235
7347592066
1271928745
931969906
953239316
1052286491
1392544299
6716865857
7419291932
6188927609
5775110018
8038629331
8120639563
7820905562
7594819879
5078757291
5170646480
8449566537
7042757222
475862153
7803403888
7226940775
6610072202
6590035437
6213547351
5161477793
30670970
5728962400
5359663729
748267816
6413946898
7281597564
8469373531
7157631273
8060044104
8455724862
8327079294
7714419711
6846782473
7277644403
7558906260
1456455339
5811481598
8022032323
8028809164
5808439411
5410128384
8005614249
6316594244
1763948119
548508941
5827214593
915681609
867015704
215633760
6889849775
7545783455
5935646450
7287373788
8476290861
7199151170
7376844398
1665121070
6792035686
6539235619
7800279114
7828264516
296148168
1471914507
8063567590
6214743740
6345596307
2128763650
6873114900
7566809868
543924210
5397795595
222542515
5468407136
6824594814
6505901484
6606341266
7490495035
6854748009
1231487380
8171914562
6723093769
7567961687
5407847747
1398404228
2103518475
7316231568
7149407581
859477233
1400679252
6267128040
1256856661
7437209095
662381209
5972597014
6720194053
7669629895
5642498033
8270251617
121675444
7719863714
5063757492
309814784
6334635961
5802907780
1217050161
986235657
7160419349
8375942777
587665780
340965261
1516620485
7041514141
5490563584
411418392
7912700094
5533829300
7830857417
6559218913
6507835906
7343748284
7653581477
6128527282
6323699503
1388672357
6471863197
7974199668
6011659962
5114675276
452791822
5509187418
5710668651
7298895321
7097851557
8364885023
1367461510
1689480451
5428897567
280779532
7428379002
8294779238
5591446891
5294137867
6811817130
5915924648
7127824616
7310468857
7538585884
7561788504
8464786959
6567854383
758446017
7905421894
1401413453
820081358
8269588114
7292882746
7289648429
103358721
8176308324
5498222996
6157550057
5961320287
180683923
7115870583
6978212565
6844431748
7023184079
6085459600
1673580005
5342173539
7884226845
5298216364
5050583998
6184920667
6396302909
7389693746
1606990951
8341641194
509376122
5365905275
5411520421
6280714068
8454884394
7896404055
1363192496
6033463992
5113177799
7167685582
7150648067
1677229929
6019397122
6963348636
8171436397
1597370325
7092081705
1023805621
1247097475
5082364144
6167282974
6278688523
1363806046
7313340671
8138128386
483003426
589077664
5711084401
6323254572
6772885962
6733876704
6008327898
5472117895
814728691
7600129066
7638261322
6169375653
6300934140
1780887523
5161144022
6990619885
5609166199
7372094868
1775578374
7172610448
5676842709
2048247009
7127409521
8035179051
7565826962
2010132003
5320291477
6951793843
771591510
1131335896
5925012047
7500950767
351118957
5864922067
7413968895
101612147
6036105809
587688588
7891465221
439131999
7025580953
7080520722
6566079509
7441724878
327603330
5793067859
7026675540
7056123474
1918163977
7328166073
607836766
5063201264
1052792374
2101859761
7838721987
6583393070
5274000678
729738088
6767251013
6193749880
7361070862
371339971
7163943635
7749177676
7300559264
7792924387
6973943645
7046318663
883404283
515553621
1057474877
6122436339
7065640482
947471235
1733484466
7470621111
7414577209
5607625334
7582281907
628718574
5926309884
7902628423
6852244288
7911331383
8166170973
5371739257
637104198
6193901713
7950376278
1434728264
1150203506
707981883
5652989675
7475403172
6833410216
1233189076
6069641713
734598789
6431332752
5475978963
6631339069
6061536764
548741787
6900261467
5099102464
7812227792
5976001202
5792213563
7220118104
8187011482
5958405638
8445377736
1109165361
7922293693
6050983570
6635655322
5225611821
1770244055
6887748873
7077129356
7277338207
6149648522
176532532
5413364381
5536497860
6785722851
6874979475
6722057338
7620059925
8061386362
8093949209
1526174590
5913562242
7264644228
7513055451
5831032348
7401509099
7627270920
1155061565
5375796891
5210107458
7366936894
7815430591
94219386
7975803112
8166797757
7833281740
6303621430
286645896
1984914158
7577519205
6849675949
7569961403
1870260583
7984782803
7252465257
6538540949
6078721816
2100796746
6567900196
6014689027
6014968079
1637658847
1626636800
7488492510
1777420318
7095724788
7888639246
1424485031
5300530879
7129513923
6475204548
732225438
1671559081
1922924817
956464966
722735546
7582139966
7087495823
5318195002
5039638357
6592595886
7399271794
5241571929
836165569
8292468753
7929389850
7149510370
6628892743
7943615595
7253424016
6037695572
686144204
7308276276
5362479431
5983513895
7059708940
6425788956
7679519780
1376804839
1051194879
6718144190
6779296358
7704450432
941883166
1152262545
563572372
6371781302
6190023481
6102890616
5825884032
5228909372
513819636
6303301986
5828882512
866230276
7662237928
725088496
1490856768
7349794770
7940700288
5848547638
6961495459
8390486118
5705575887
5376835172
7472138117
283122549
6497993065
6919907898
7070792027
1359017090
7321757812
7427817721
6249186788
7243373145
7312081064
5982737479
6628255296
7528136160
628351952
1109694332
6696837998
7089229400
5815410276
5321394344
1136226421
7006723672
7248517700
7552224337
475238256
8017254250
459115085
7260080709
5936430171
974884706
6867328408
6331827116
6515234707
6586219318
6300228309
6886863753
6634558378
6363350972
471559377
5539473550
7229014545
83148107
6835125593
5617701027
584175023
5491425260
1754515733
7430935040
5612873616
2039923552
7649397728
6295463274
7383266939
2051916052
5547775287
6201818453
2073769822
1979842307
8273145858
5809396633
659461235
395010103
7812317222
7911423152
7061016946
5407422735
1943192049
5804628792
6692873406
217392947
510650025
7114235751
5865614750
7103773668
8010036668
1006778851
7119612642
6947770073
1988532046
5236764988
7834844715
1857123834
6877373597
5569783123
8097845147
155768667
7335814405
6823982797
6547871943
6387760085
702485906
7367496519
129418559
7348799949
7564626924
8151362462
5334120994
6707717005
6516568569
427394666
8065116166
518298198
7799755752
1820259640
7308475927
969308503
93427212
1332332371
6497859528
8184198055
6751085797
1231622581
5257517703
522857515
7708494237
6013136885
6352583043
8064295301
6334940213
7822629511
1156287690
571631058
6010678534
7787183452
5393782668
6068334448
7674156838
7686517807
912969367
7761364386
1633040461
8261291059
1100202917
7942062888
1592689756
7019094013
6983645381
7079559528
1109502001
8083595415
7402690216
1414610183
6423732192
8095952388
8335679335
183743799
6069735137
7156433958
2043336429
6442200300
7156016837
785815450
1441455908
1345266150
1325947534
8136585198
585623820
6343923775
7185615818
1062606892
7330763906
6876612461
6449370830
7569193989
7461684262
5973807051
7461398161
1988173043
5043991630
6933578301
6182982588
7694049338
8186878124
7189132614
1276906182
1565266047
5140813182
6890567698
922687527
8168883605
5134134758
7531931430
7009090244
6217348509
5065138854
5567465090
8429147664
7413717423
692098257
6719228467
5172511135
569755582
7445294354
6963962574
7120093620
1002229627
614392163
6929011608
6558184476
8373435285
2109177621
1281452255
5823753175
5628847802
7015150576
7125557797
8369485912
7022467360
6186425283
874988132
1612624526
6795892438
7899154650
191105220
6422103304
349804219
783585164
7274405700
5563738761
1450262814
1408776203
825867192
6063724377
782489072
8197632429
1934841347
6695788353
5689618681
6034123473
7753565430
6649780096
7816711271
7650764219
5724952682
7524521118
5750117180
213952214
1874463843
6255509329
7731189768
467083558
8193081193
6493451331
491687999
8113857456
7495614773
1973442058
6686174191
6420670379
853515503
7218299892
5990427821
7948338808
2072539487
704782426
229062384
5235324521
6098271740
347472529
7488835358
7704090683
7334078843
492244081
7792250807
1081541616
7447116033
7141001713
6667437788
177066397
2110580713
6817634733
7900178955
108124097
7595002129
6010708429
6662251499
6822249466
1924796702
1145641678
7040918031
8102761364
922483251
1515436726
5537765962
5375715122
7266982308
943447117
1047847446
8139445107
6742737632
6740699078
6866739973
5884736054
1766904010
8202145017
7470605922
7209315456
559764289
7531950341
6999703343
6617315447
7888690128
1621051981
8011447147
1938066521
5298771951
5623680215
363301173
670093369
5872797255
7137142670
5061624418
7547079757
7583748599
7110697428
5076811136
5056430744
1539996327
7935274391
7442345789
6302937432
7581931281
5700234445
8277422415
6607031636
6981754866
7127138989
6801384757
8047560403
6065982177
6511739740
5829457660
5690055127
7882822779
8171540326
6581804589
465148875
7648037345
6156374422
6966046224
8183652969
1099069274
7955730659
8195047921
7789867042
5454425283
735801510
155516893
6256961450
7898464613
1098189650
7868605340
509461983
6568053113
5665270183
6525073757
5907085102
8056205564
1893949044
494553683
6880415390
1860628115
6154275962
6625214104
1077340139
6347113436
5405179170
1171877914
479045716
7581065101
2107198290
6015074522
6811709115
6730532163
6372214271
6822183900
6192801630
7656674767
6580503467
7890140206
6525574343
1508816225
5909426952
6795264657
552264275
1204793411
1479680365
1233729967
2088037276
1025859903
6750191999
7106706816
310401109
7987496380
5890961237
6957617971
6568406158
8139414269
1092606723
1260707476
83744117
6242068481
7703154249
1249389741
8050902060
91557635
5726626936
7341271282
1455186006
6498601554
948779936
2080468575
2131384958
5722205604
6142250357
5934674008
6454093634
7161926549
6373281423
343175580
7912488601
5606971193
6382515514
1556884231
6775995377
8490568170
6546849002
6727990293
511191642
5565070852
1838217840
5983040593
6213635039
8082202635
1485710792
1421838915
5870412386
8199047627
7648748870
6182340260
5082721423
5596677017
7685385382
7878911569
7125288857
8351518104
5337150824
5415159996
5542743446
6352944164
7783760572
6785650251
7776877021
5685312125
7156909440
7724001986
5943469945
7402249148
5170268071
1185852118
276886494
8154603257
503814534
1329014253
5078389083
5753108924
5848472971
7146021953
5523104199
5322241801
985119316
1907428553
7825379427
2007518167
651528133
120048394
7383944060
5638883314
778801744
8036339879
1753980714
7960786275
1706263963
5203244900
5472756472
417944601
6838057152
735960386
7717206294
6803836934
7905842423
1120666756
643744362
920401404
683416286
582628465
6416650386
177152098
6650305629
8137310437
8367299220
1955226474
6541505149
7067116541
5853816499
1923888797
1184406780
7959233638
7593798169
5808356333
5824163021
6294748582
7316310222
6736843191
6732118520
1013960437
1193759239
1136130251
7189798579
7869185959
6139509749
7899977224
552135551
5801522610
7040241112
7916385574
8456086700
7536445570
7452451023
655563650
6946092207
7239981399
6499440765
717886556
780483731
6798429347
5059033541
7706452016
5791236039
6761105710
6768401503
5997222883
7255145735
7347726100
1782922165
5744329064
1221788209
1662450386
7597574161
5153282794
6785725063
8036977211
6519058762
7599334516
7740710631
7275130719
6071956761
7551382440
6699782084
5830800669
1447125542
6938396035
6272017780
7675775315
7034429651
7978188877
1147431828
7600362151
6241969910
5913082956
1834149402
7339252132
8474683513
6606444316
6147661531
1551315232
7057546522
7920473831
1801228461
5862017468
6149935669
264071711
5674253284
1961540360
5841354616
7332738670
5469703968
7902154102
7109340027
826441581
5705234978
7266194313
7784918419
915237655
1997990537
7916758033
6757721099
7173608592
8199964086
8010948235
6765854474
5311248091
8172673972
488711567
563510748
6538639098
1642098634
8276858222
6786556816
1016300962
170828122
6622073543
7966354659
6362371514
5875455998
5492987562
1399140042
6307274988
6801911015
7368622186
2038810539
7494050361
5092342992
613716344
5883785884
1985436994
8321350261
8177300110
334902879
6607372562
743476930
6902615753
6762186104
5419669354
7645335726
650818695
1194227198
7721206754
6058196754
7598721441
932941392
7384046210
7767747581
7224617799
975438002
7786966474
5721884200
7473859380
6455301320
6552625913
5384431688
1553806625
7701891798
6511925729
5481892277
5614347623
6791779733
6570585488
7336816602
7662606016
5061038721
7469869700
5102922628
7546010631
2002429919
900909692
391191108
1253129169
34933516
8072262458
1372766964
5416663023
6896132740
5109154573
7170369843
1671365703
7070000888
7673968235
5344622339
1069519062
83973899
8167381084
1805668437
522233756
7227227975
8314731501
7581391299
6967667397
7219277703
8389108348
5585790936
1200906213
6625267834
7115361847
1182961109
7549398052
6959922736
1553465916
6167431738
6906612670
7957175707
6863983696
1915488215
5400339533
8093256230
6644549707
944522653
5910687458
6228396328
7391238522
7184861010
8380229352
493480437
1560778702
1468698365
7098942364
5371154539
646838783
1853104697
6147929192
8276897978
6430997353
7135282918
5997904205
1355946295
5445455127
6957856057
5042682984
7495704431
688193890
1265653903
7141939712
7777029871
250185826
7007680105
7165052603
6977472588
963184655
7408072366
7432876242
1595453377
6473037091
5946904909
1125080549
6990904672
1084147821
8280594127
6531007208
5989897674
7973987261
5903505637
6405638855
5330690554
5983733411
6549673874
1864958402
632625720
5996279608
8225648501
117214135
5971268380
5171478896
6307161370
1211959347
1693778925
7464888003
7636696452
5143802624
8283664393
7933786454
6721767794
7682034035
7857898536
904707563
1745165556
5713589563
1897245076
663483205
8037835445
626123697
1541727907
7334183635
6740828112
6373726880
5910335973
5202069064
1574686181
6898203505
7512103642
163147058
1080276197
5909800646
403954791
5178050443
5075635672
5498284601
5724579575
7719782593
8452156820
5269924881
8080298478
5407916096
7425426997
5174581616
5655772976
5073660854
5758148743
6560481054
6796898028
717855174
1813122204
8086557014
8123136025
6751179595
7215465833
430704269
7508005325
7696947450
7851960430
894142905
6382031665
5907237480
7899528500
6954599998
7328740540
8106986743
6845817711
111083267
7878468522
7206602655
1061040085
5555808394
6542071063
6984298146
7763580090
6582437127
5020477171
1999590640
749939353
7469618457
7817810624
6793556284
1665811506
1913995981
6694828492
1737552438
6363589509
6766041325
7442843699
1816917576
1044419574
84629360
7207619563
315024241
6010161485
5003307838
308448108
7080697586
7957494700
7905908954
7340677166
7561773645
8024886820
8073331252
6906284199
6865710588
1140508754
7514778863
7654000768
6369642061
842428777
5004937289
5724842179
7401184563
7272690885
5398567107
7102241507
6942510930
630210737
1575850637
8015269492
7282608198
6291564057
6731982129
7246794142
7480622726
5062335520
6704712428
7285697036
7919272563
6951866500
7353915917
7471251261
8188961681
439507365
6643047126
5096928531
8356834885
7894270228
6841946658
1395323327
6927095169
1340626188
7135791367
6058743573
8131705051
1184156985
1502027694
8066428440
8499603961
1029248211
7737290415
5106626784
8424822961
8440240539
6802126028
5871659789
6456283935
1904058647
7506551502
5028360393
8406909069
5197014061
7912478880
99589754
6559104567
747416352
408505124
8047342001
7712442737
7599405033
6419310128
7748067268
5033435210
7094734340
7919532568
7225721254
154257510
6946642647
5813254607
660178676
7874473274
682437378
509086412
6573331534
6014766008
5414411699
6820140343
8098722534
7702138036
7936243882
6759897125
7072608147
7672342855
1800382154
7166697599
5877465377
6013160286
757244018
5268701766
213217985
800503324
6107388610
7077010831
6909324844
7062830341
6761928864
6743387533
6008461634
1371269321
6573970653
5693057570
1587487988
8075069311
7079254546
6513580064
861131478
6800805520
428047369
5189580874
7490865608
7227503202
5588642362
7109022756
7072861975
684124753
6030829932
107628672
7877042134
5412460964
7497902952
1610184843
5748681120
6786354143
7406369341
7895663765
1129974044
6803392344
8376180664
6932937135
745389430
7983346940
7491621341
5636092302
8406689621
5355277115
5001936348
2145516535
6795935039
6829744969
5073101120
943882303
2141485458
6666324023
6654454663
6507699416
7188108760
6287171428
5166939638
6277528052
5322588142
807704998
7858004966
1386751743
8052923790
7049644515
757447932
7225726723
435588834
5121940687
7685403306
6643329834
6306580558
8365196668
7776750344
5148972092
7959586984
5755213559
5228438342
7998198731
7316029101
6865341101
6176678838
1387171232
7279690868
1172599320
6462518884
5569925991
1113514565
7110802947
8112271379
2102095499
6230911719
8026846881
1087015377
7370243208
7508504470
7056069458
979620786
8443018783
928722777
6664879841
5592372340
6593986911
7163395493
7728075503
6120170348
1900467310
6608934275
7549523030
1920179074
2117918534
448581103
7165933544
6097017143
7696590596
1715938410
7844212405
1967034497
7618006463
6454924992
941166622
902864956
7564539105
7758276409
5919464682
6423823208
1356725907
7158969381
6470266172
7042907674
876511345
6904857278
7882903766
7736013801
1626957904
7221628657
5521491852
6337456371
6153799208
8471706842
7380411097
8214858142
7001497149
8116654385
1099016865
803707536
6261090969
6295430951
6320137641
785731660
6025415091
5294277135
7305955775
8123504769
154903313
7041752912
6655375802
6406407446
7708321829
8258184631
6445134210
6516362537
6089676598
2001429530
7319051466
662694973
5241587818
591411152
7425985624
1396541177
8163726234
1364857780
7677686071
6241089420
75746743
7746943649
5014669173
7844431542
6985867533
2048455217
6693965351
384165372
7792223673
1918795710
7504060267
7242099192
5677231158
7753961364
6623074654
956998144
8138321562
1396837621
1599405632
917089010
8302088494
286219257
6493023470
6015912671
1033917583
7398527636
7407661733
6984266383
778594206
559743223
7587325733
6798261660
6906751762
8124369078
6547683271
5189652598
5208831031
1210892896
6961266994
6957371302
5801029737
5788668814
7650569156
6991976068
175760569
7236945900
7948637943
1105095830
1910242947
6671729880
7014342047
1837591713
7925602628
7343920946
7446631264
5604728796
8246192256
5985472453
1306514899
7481014279
7263245634
7361910846
5940651855
6463018248
5197089583
1580955469
1232060017
1973644624
1423845133
885094628
1947601441
7729053871
5703547065
8034735049
6432757598
5884668465
6843350401
7750819974
7769216656
6237783964
6686095034
7902228798
5990780415
6424818468
8367136020
6841786966
5301002129
8039650665
7099921215
6185712722
8086053560
2091741500
443349356
677124465
1523509399
6038050790
8119982800
135582531
6274514903
6655844304
6945590072
1980586301
7674110478
7568194437
7378729070
7487732276
5650890862
1019082874
6940750225
8270870236
6728651489
229125028
5673507602
7771668826
7485312004
7388679047
5885928317
6253800476
8028057123
7924819984
7485275955
6023346200
5986452932
8164961177
6907710094
7124190367
6980621997
5175928177
7656504991
7042551684
7868611732
7229640749
5623629272
1676091963
7396537410
6796667365
6003975806
6820063183
5743898550
5605434110
1383946624
6406114865
5714360687
6420750042
6874811959
6353314773
1408578010
6166150670
6014461012
6088864409
6914042470
5826322683
6060438094
5598540233
7087828885
5320989395
5891578743
1653247939
7993750544
5437923624
1063169264
6482212565
1699050796
34124375
5769350724
1290762572
6279737938
7011588198
5478689665
872623641
7025927116
7107706679
6266993879
7416998919
6246285157
858837516
6283302958
6759009535
7854615157
6975541657
7687752486
284243969
7324044166
8106019285
5773723427
6728960715
7634081781
7951377836
5952320128
985770489
6948097877
5666077477
6397288643
7475002822
1081704397
6155664584
8025887534
738849227
1690059616
5771647231
7483309676
678885516
5442986843
8004877386
8142405139
5363845806
1864156373
70917967
7553444707
1026950344
974847281
7743322558
5412790865
967049775
6332972496
5079842575
8022740879
7735856132
815466462
6793973272
7135677204
7230008370
5184012586
7633189774
661126440
1697731785
1897979207
6986563025
7215528010
6112841297
197670510
6305983145
6177287169
7571852341
998408920
586266045
8493025634
526865989
5094592029
6625507719
6478046023
1264659056
8042116819
6635472974
7973297233
6576663369
5233446064
7671954393
7195794749
7446462732
7667747505
6203118841
6886441106
6369949296
510997484
1889114953
1235804539
974913762
6725521415
974367788
7174854703
6778261463
7456500425
8335882979
7232795617
2001374504
6869467098
6530097038
7099814336
719076294
1727203846
7844755768
6717990832
1348095055
7254998457
1497515539
5257015595
7946400625
7082994001
639076312
6954949743
6059023889
2082187519
577057746
8475811233
6502146896
6788156275
6557939393
7915018303
7410457808
6338773250
7266081677
6194786185
6683322306
7801964383
7946967953
8100289119
1846933649
7422666034
1962129335
1449573953
6718868359
533276654
1086104873
6942515283
7262292793
7523141631
1959458284
261753800
475303767
6688330705
1265539746
1532042771
1051856134
6508092055
6362624142
7527861995
6003419267
1251383899
6600231761
1879092954
1728232493
1063691676
7134192844
868280719
8096680103
6873766831
7040709642
6300997264
6812285997
513871131
1070233970
970622683
7564155043
5666753989
645417759
7475775491
692183230
959165172
8475359844
829704448
8470206161
965362788
7383414864
2103443743
7595506751
5609281292
5762417467
1291680121
8364016025
7693513593
7275938572
6682764568
699584956
6707497126
6231755876
6183514113
7285623175
6926410286
7787664997
6944617707
7072181575
7784693114
980867618
984570828
7218005908
5687458658
6310044798
7007169034
7619759716
6651473695
6729764609
6845978206
854760454
493688935
7015635050
6387996940
982806647
471945272
2031385710
6432705577
7923597555
6673459435
7832712869
5247228840
1258592797
92839559
7331485864
6407103406
5228795076
1739865521
6517668531
7544296694
6895421054
7042975506
6083679782
7343730726
7675777930
34719582
714259953
8138962708
7210928650
6298408163
8158965836
1595504449
534035341
7343601909
1490965340
6453920750
6766226237
7484533349
6375509700
7907402734
8005325604
5104780319
436256733
5662708527
6155169984
782044734
7182439340
7977020233
1705154545
1024480863
5640297149
748154375
1444449210
5286766180
6312187997
6196360420
1442683321
439569508
7893757927
7959509611
6424305251
958173374
7803152798
8026245753
96453843
8394031351
7387310292
6388832215
8313579836
7460443762
8169821803
2052662448
6721872350
1962992068
363170275
6638404574
5949046485
6917625737
7642071073
8295823943
5383533487
1305595012
5092634778
1686444383
5108315996
6986003109
81156673
2014337324
7940903062
7814191790
6022622962
1621401756
6780844995
7524105146
5039195288
1336247525
5694625216
6125108279
6974126125
5034169561
1628052282
230115184
6656177403
5463892379
7148021229
6649314849
1936168693
7355520137
6427420285
1945087283
1281183706
975429218
7440764762
5820904254
6066461453
7747829771
5082376251
967690028
6259601642
7158134896
1627833064
7961914609
6660418587
5018959300
7892508975
1142112554
8115107513
2010980522
6129273685
1078233034
2119451966
8493097070
8096864508
6007839962
2002480597
7944651936
7234632639
1424183655
5833437861
5060431760
423000399
606378811
528289836
5519216409
6235516069
6853096191
1975511634
7761408486
5207460284
7982255058
123845761
6900328291
1880001110
169074725
124903488
7483484163
473831517
5790486314
5508734865
7093687590
5902754693
67570117
1465990275
701762666
8131965901
7764451437
925504503
7856090684
5245756171
6838817485
7796653274
7872930672
7237724613
5363491300
1814320812
679583762
8106121640
8094978162
5139521902
2027381073
5353026860
7946294725
6934472438
1205450157
6011225057
499899755
1995966348
6442072779
5253321771
7909140301
8429272355
1706331711
785132858
1611332096
7225920380
5159471629
5118950491
6653674988
1505047157
1009785694
6606279564
8139289475
6014459799
394020183
7200566373
8228472730
7027049694
8103663989
1564672228
5649912197
6511389516
592319465
6119546181
117451462
6399463979
7898266747
6081977696
7750780238
5696339298
1990596738
5427422252
7875557612
7040954859
5344124566
7018955616
7888782692
8496272917
1422807401
103003726
1258434868
453492829
7262959355
923958358
1652557853
898937110
8371898954
2137699561
7314929055
7447470130
7695877057
8426697802
8174231498
7762910492
7417521483
8165199558
7229185356
965277644
5831004587
1780588918
8153132069
6018297124
6252112697
894526485
1669998861
386436491
6966650301
5321281423
6933565527
8121868722
6222363130
2068816496
690462193
7624994742
7527424102
6989261868
7688301810
6399526284
53934845
6346634133
924473591
6777027307
6296930983
5708913093
5279352423
349096
7470843048
1074032941
652666508
7767585982
568476303
7300100270
8136220582
6630736417
7855003017
6538397282
6270501150
7024352605
283530176
7034160156
85039208
725325476
423485280
681378340
1095103565
6221225551
5054726955
7369754881
7988253015
6126706637
1933764182
6247357917
5975013998
5179943370
1708257995
6497013873
7316042754
7614682973
6409715238
7562597967
7007372731
7340742922
5725581232
6203454692
7814699539
6385053843
5070431993
6541866973
6921265400
6570624113
5033096187
7210735786
6057640383
6444397187
5153639318
847775343
6833815945
5494481583
7946786513
1332015875
925931557
7332954830
282149642
5672610776
1259793069
1571968182
531395487
7843251380
7645884929
6699054871
7503662815
5234296323
87369805
6043639665
6130902604
1500153529
7055215131
5963686985
5103831485
7988867738
705499716
6803097716
5963698016
7622434217
7052632834
6597706112
5582543402
7614228739
5986504474
7130777229
7571588198
1041470647
5722705948
1033641977
5878997872
2074781959
5650029874
657968315
2062678077
1586259789
7380110823
6911998197
6225197576
6823331132
7010518871
7399645076
809659867
698996560
2128683935
7158910967
6115382961
8299279600
565738775
1899176731
7008299461
7101797970
6669649747
118234682
6377520372
5991016988
7636563485
7867649460
7772795403
8318370862
5096386032
6951922539
7802138486
1223348059
6192912090
6597609200
7895102058
7711664745
7682580158
6592189021
5742370185
6627505946
8181091634
1670976620
5008440796
493108486
2123289895
5783158500
1811390017
5930287589
160307607
5109577394
1626752053
6239450084
7068584034
7484891479
6123402750
5169831281
6023352186
8313289382
6426374826
8152730122
5512169787
5432375205
6474751247
6850573966
7151079002
1048462476
5493534420
6431358119
1484882355
6762013061
8198675204
5034847487
5225588366
5799249140
1053702516
6290208742
7223117644
7266962979
829699722
8012540753
1167344841
981143518
1109101863
7493627215
7386260330
6316268397
5999313301
7084763478
6036744687
5815044573
891675893
5052457666
658719279
1753650125
7458043289
2115467632
2138401957
6772793909
7581156186
8078416916
1858087159
5338029828
7829636019
5602222698
2001961611
5921756842
7437000896
537336442
7372166194
208372810
464920060
5589969675
8330668675
6833961742
5481624610
8038284293
853572609
1886404125
6327883031
5975777062
7252015019
6266808028
8075511866
7271216956
6027433560
6936530781
825547028
5529620761
7469080951
5908960053
7784772716
852255084
6820423837
6566294497
6083403824
687634234
6552985674
8414222684
6740242361
7893824873
6769586208
406608916
637546997
7242074704
6716683383
6378894783
1948325200
6823881465
6855628633
6154992563
5631615680
7508557022
5798727213
1317953329
8045649667
5682559711
718968028
7051058356
6349606035
7315978540
1122696702
1544849052
780768285
6816034800
1186098841
7109334763
1713721611
1869662611
996525083
7706160477
6107315098
1208527818
6768182113
5771146537
627486252
7873667703
6445168892
7126862625
6072525483
1846843230
8072356403
5976093981
8446667332
6382177964
7707919403
5387169485
5417682523
739454277
7832208152
7799124082
5661845185
471207161
1996193995
6845359105
6486137068
6747962789
987386519
7150310004
5098318102
6590442485
7498543456
7745892928
561928242
7470783955
1829886538
2022035620
1186861898
7659038889
6976614823
6088604719
6670892437
7521214404
7384039332
6620324675
7162069802
7378097189
7925412187
6481862944
7441377698
7997316101
36830688
5944435262
7276205515
6134636695
1091161914
7923745732
8281259736
6371313681
6715475850
6295981817
8095244754
6266259017
5036687207
1447190633
6774597561
7609997535
5297382007
1338296737
6566661540
8407931204
6372389376
6316504649
7668750358
6226800134
208906404
7433442639
5895573118
128413815
7643845280
7080978659
6132862118
6668050779
1623741895
1614449284
6175519799
7064378703
5183769038
5998746881
5438935616
888485789
5759248434
7278838377
7715765672
1006660177
6425550274
6288168176
7581293658
6138995691
6529190877
5237761839
7411395299
7277995866
6437550132
7164308211
7353026104
6087675710
1802720904
7248839373
7598386769
836801584
6577061107
2067658466
6006549167
6536846286
719274325
6575135126
770942071
6446462816
6139572674
6136065926
5965591533
6074020902
5953470230
6939221431
6280196572
6055268537
8146071168
6870257269
726601644
7892732969
6031881064
7549519824
7674960788
6401949240
5621575897
1551993876
8044119211
646626797
8133402724
307606155
6923218957
7500382838
6468166669
2070734807
7764404509
7500950659
5949292558
6621508307
6075015424
672846620
6939881398
6685173218
5882761122
1172982578
7725570995
8150462194
8262555073
7814277020
6293402313
5039365346
7645244221
5191169970
5907647510
1901944158
905059456
7874893280
8087990651
7557710413
8398420493
5288325470
6384732231
1701238472
586588735
509805263
382891473
1025466813
8036934013
5687432626
6831568672
7584920066
1942661907
680558891
1223074042
6478929294
8408956696
6945669388
8386832464
6786610463
6653616672
8115505281
6265416914
6680124483
5341997127
6815326990
5866724081
561093917
5948950531
7639475389
8119750690
1471564335
1399951477
7829446509
631629053
8332912443
6790870688
5168297060
600380328
6361069312
1513627710
6744384164
6389203762
1865003141
5283557090
5450610192
8092572102
5851472894
6078389142
8185483271
5884792868
6101678475
1590943165
1716788370
1873505711
6142893518
572275649
1347602523
7567696516
5652396547
8051001384
8368185256
6738614136
7682709289
408030446
5796850589
1800497299
7323111674
7129821169
411803039
345886230
8295410594
7326292983
6016492375
829287703
6645281805
7130974123
860556163
7784588852
6675923733
7968108972
1985823588
5752087615
6255256246
8100030651
5270402136
5634801327
6801753790
866183001
7285126821
8115044588
8357047411
7301954529
5950866234
7581911016
5316954940
5419888239
964519188
6871919968
8177568537
7575654416
868259666
5104425237
538176353
6540298101
1179020140
6580964318
653931105
1038986518
7672981889
6343071311
407929096
6273163253
868597659
1087137260
6841821615
5357363862
7408035914
6426866282
6051291192
5364138775
7585791829
1027203984
857929068
263973284
7784714130
1271914285
5049960906
7784267811
8044602783
6560147258
7533197183
6779749582
1104584322
7170707028
68767154
7160320776
5864485735
5214893089
7112508613
528626369
6925927875
1957445905
7752236392
5852670268
1967810251
7203448486
278710855
5562647436
6983909689
1707134172
5916059462
6860225407
1423941560
5711070881
6045548807
1851627308
1006662309
7051062439
5648920044
151322750
6553494875
8441369373
6979607723
8135835911
7001705942
6094297944
7451145737
6476294634
864807318
6421425945
650101864
5960942447
7519244854
7892513964
7413610077
6211523493
6723513304
7264015783
1555727406
8035150804
7860538030
6609473252
8117040410
5225786095
6887102012
1793753501
5202306568
736963899
8101021767
7896268258
7856071445
5761994802
1899579321
1018045532
6214982490
1900893763
6986361864
1013071938
7202894811
235904660
1285220804
452232618
8043670812
7436180626
7813495892
7232181560
6407336821
6465714205
5212534345
8038142788
1919800567
6502855678
1454099527
7928330411
5987282763
5944099333
1247057968
6952211669
7151583533
6188944350
7474594243
104811975
8163558941
7728074249
1604877524
463924741
1395586154
2096474379
7288132875
5707515367
7776796061
6094970102
6280485720
7813019496
6720183451
1363442192
6187705324
7512470543
1752549855
1173130360
7713422970
8010666952
6534545533
8036948499
6710507088
7406399131
8398333011
8063650256
7781152548
7687593087
7019788146
8272057050
1757455348
5795225540
448702359
8063852283
7794916894
5033266692
961233792
986629107
7446577518
7383062910
7419709497
5593951739
6073601732
7416599626
471024909
1822365314
6734346766
5224592459
310599809
7135004989
1637736116
7345250345
7296426989
7417679615
6315895035
646537199
1782729335
7634309149
415131982
6132135886
8493018870
1904491290
1736511546
246930439
5432255311
7112733100
5423835485
5853712898
1723578464
5665143757
7659138812
134799037
8048890390
7160965544
7429183565
5315701784
7862642502
6006349699
6425876355
8151656291
7623957236
7039712933
5306433457
6442556687
7833846307
5989521120
525184498
5074866702
7045194271
8095865935
6676707927
202369899
1462993426
1147152067
7506310225
8052477512
6839549747
7768325301
7623456157
6272402328
7621123371
6782203577
6555278411
5853104610
5393502029
1553860874
5993735504
8036588212
6302717840
8104072466
1687104505
1187350061
7024764841
1718845920
5648198270
6478637045
5582066700
7565037207
6854873969
816522282
7768559026
7165750376
5485264054
5952774814
7703019856
5547974976
7401283282
7764756105
120822584
6777328311
553995008
1031495059
1657677527
5249418067
7388296981
7171776870
6665101987
7827603753
8219355471
7337862214
7462576427
7229829844
1732845724
8120839020
7193560202
7368714196
2082931466
7429153272
7597311010
337645592
5713500248
7869011332
7127462184
6762960261
5960845034
6769889125
7246705744
7140970084
6267727620
218841557
8134444800
5848625778
5530218297
187314150
1070692449
1935776423
6207817613
5649876677
1874553655
6309707246
7825004420
6515934479
5906375049
6470986824
5479715510
7248798940
5104735651
5502017462
1817243241
1308854348
5918811588
6858402697
752105883
2078309428
8063786487
1495218514
1159576808
6557803193
8195636783
6630628731
5869302658
7157521258
6369195885
6628296841
5767773404
66110273
496090487
6265278971
8010140711
6828067131
7630634933
6088315126
6633986782
6243393855
7598977334
827161316
6960767262
5729770953
8477925106
6870914326
849615409
5580009779
7732605119
5413281606
7212676163
6309526398
6567258999
721425354
672220022
6571696363
7301173745
7093268947
8008083865
5183770907
7702218566
6781266594
1561591772
2078319705
6460979851
108802986
513068446
7907031308
660923024
6820265965
1189036578
5911485806
7009805523
821989060
6338122416
706732949
1386931563
6008583584
7171213900
7424273118
6537445828
6608736606
5220738721
6033630701
7098162883
6251258920
7725614255
8075037801
2015555771
803057713
2013560938
7129373391
7104150748
6654689345
7008649836
5157884163
7398360781
5304047982
1489771692
7053358686
1712374932
5095711892
7256656285
7772439733
1135945738
6620657435
5403134532
5310528570
7014989285
6668984415
7388483356
5218333525
7684011672
8419817932
755815017
7164726466
7116954960
2053703330
7166500017
8145042634
5608348693
550190193
7773673369
1080685398
7661226783
7031205488
7825436912
6971601684
6962763300
1319360014
7754934647
757633531
7338549961
1110057333
5647123099
7537552313
7199373183
106041016
5555206973
5446331552
1498511982
7356232843
7629449683
1411434071
220628786
5738403508
7882210466
6967603466
8177734528
680320681
7133095280
8110579620
5475344373
5717195427
1543482887
7842391674
5597794749
2081953777
6808647268
1142924002
38586536
5370236211
6471373633
1477997131
8051080916
8034060252
7100562460
602469024
7621631514
1986639490
6822739498
8154133616
7268974111
6053433827
7344076491
5830870832
7946935027
6845119197
7336303399
257449106
584832337
6877151004
100563495
6705202875
6791921155
2078416894
6960051636
1960646835
5215305803
1653291634
5895039862
117122521
105355154
6010285863
2145733193
5063756921
5856530510
7473694251
7149327969
6123869008
6001428108
7666924046
1836944515
5085629925
7229605388
5420878998
6906759652
5959671604
7376654770
7612261904
7884849825
6316868559
2049990553
8144147094
2075279875
5598745241
6919613650
6347033534
7569337193
5027711058
1094263675
5792508981
505428040
8041664431
5881259917
6396911514
1427399599
162284908
942907226
5320245524
6198721608
1041432514
7889581712
5542046404
7263895683
537052150
5417603823
737874369
7643950259
1864693425
6478907214
7647858477
7666137423
8140520685
6746959909
7685436700
1857371051
6628993914
7686526164
7572143499
6195216345
7158348733
7916077318
1507040251
7426725393
6261557050
461673500
5271456320
7217456410
725503886
896896243
1759878311
7052095994
1495881862
5156594182
6430013394
7173517858
5672196277
8171844824
6283712959
295187665
7439039688
7657642904
7276329172
6565954567
7894448515
816011005
7858071339
6861610476
8159053007
5286577236
6017105807
8130670926
6601330514
8104552947
5890863439
6748857161
7628534790
96925495
5364004485
6916353280
1987157165
6208440880
5456154015
7219369395
7115211963
6105153545
7580214230
7799827073
1234062698
7613523431
166064593
6772360463
7843653017
6721600104
6846214038
7685238057
397148422
8477998565
8044232300
1365103207
5891127528
1993647292
7122265184
252277203
1987646267
7695902459
6621044541
8232314345
351379006
7853559261
6744019873
7755445572
113086016
486927158
6340683777
6147055215
904898927
224566456
6570719718
6800391031
1842995174
7279118858
1290482148
6797612617
6199838755
7769222505
7009543750
441438828
492675392
7478197898
7298334134
7767507719
6743143723
5927635848
679920402
6110643363
7690522321
6708930874
5679998587
7160476744
8485892489
7388994119
75704264
5854385523
6341508099
1895625178
6621444739
6488766926
149257676
7675399396
5075642296
967023674
492643358
1203979745
8126405653
6338139523
7747577423
6566709983
1181605297
1856621218
1715493511
7311722077
7488164588
7283024465
8450310223
354743766
6488218936
6857680282
6692390333
5088266751
708130426
6881345750
7902840323
6439852085
7765740359
1078592964
206725836
1276493609
7762977547
6722822545
7548006720
7603061543
6977181990
7454533227
7572660231
7015371294
5260014747
7332838272
6124818286
7136381716
7746368823
8027171804
7163299009
739182759
7957812446
7359221469
6908901912
5748988104
7525916112
6595730975
6906662435
296361622
5557061508
7197448165
8216522387
8415479093
5685937675
1366754701
2133329489
7513959877
976640409
6785448099
102149771
5905271052
8021646988
7755095553
7320728424
866821020
7967038284
1787161243
8045455138
979378939
867728121
6655309002
6997093951
1246293894
8006718975
5893924737
240665960
1693845731
6724701231
6300443923
1780341998
1818513585
337331863
5137317313
7640034469
996984617
560883275
8034459437
5039974130
6746492216
7063879451
7187966224
1594436155
7153469122
7929886095
7165994026
6254275514
7652741479
7655870705
8361236665
7090685464
7479297624
1053899089
7571821981
1678759605
1362633856
6633235877
709060710
5995030107
75220892
1631270796
1332204124
2017666863
1374973611
7575294158
6944292794
6076127169
7343081408
6561124539
6965264350
5528546018
6214708872
5393146247
1090266894
987493598
176754975
6912401554
7705355667
966928288
371007721
7953033442
6461615620
886386457
6253484273
7478659754
5300028114
6384145419
7577014809
691658695
7916431637
1493440203
865490299
6548492043
5410927570
7158638150
7262796237
1560260628
8132338283
5144712429
1463098470
7954496688
6596525253
7691155999
1975317141
6345951120
1362110732
7387731835
7513674330
7478288572
6576295078
1738167067
8242024520
5608156336
6104967767
1913880672
5607955921
6267408548
1031833538
7276003348
5939715402
6684085553
1608528615
6913415364
5239548766
1451986156
6813655525
5414080157
7292767878
8149326749
5194582138
837617573
6389983664
50085874
8011710204
7674408314
6435892783
6847484479
6942376137
6215329383
500114701
7101950802
6329075649
8085995873
1187927546
7594366905
8011580655
1675795426
5796108003
6592719013
6833211013
6559522031
1538036983
7899587147
7914402594
7626877235
501001054
5925982464
1949916316
5776394912
7285454742
6326317984
5005104471
1558976820
7225267063
7662186948
7400590700
5413581604
5778419865
5223275577
7164349782
885581687
6101664849
6482276920
6059163651
1929758029
659636434
5928052979
5799926069
7574026505
7064053661
5102323706
7108406225
7828569241
2001694751
471411047
1071310717
7367257980
802704296
1990263001
1241845410
7312238165
5735910100
6428442391
6276946953
7839926373
6981535233
2072484872
7888321336
7989100775
8375601383
8216725696
6497469108
7243564940
6007374569
396836351
8356109258
8055196778
5614187772
5694367458
1932431311
7454526735
6889607250
1960886251
77822871
7584302635
8327860449
6581619552
6585350581
6635941277
7911280665
1602233876
5459690431
701850939
8391427388
7385111038
7771981049
6558463208
6928764096
5140405158
504876709
6230148527
7170753254
7092806571
1868881900
5076934791
1438260754
6307863991
6706687865
7571844954
5964752811
765007247
6637116773
5120562371
8103622202
1745938864
8237380172
5933532160
7856465175
7940142398
8005756097
6773936680
7218218955
6436599095
7775504623
2008185191
6476812812
131389450
8034986117
8054961273
5539683760
5977161173
6049200954
1529028226
7163693228
7668247191
817409156
6152159630
6329841349
5831511682
5209707411
259962846
181474741
7639923373
5067115635
6629035307
6912815155
5063053904
7769345547
8261606873
7813175119
7182676264
8217266065
7323529848
7082939826
7798284179
6527543940
5986540904
955073832
7469978032
1760517262
6346823569
5189061136
6055823136
5826168637
537769586
7016547529
7375828576
2089060223
617507495
1443196998
1498249774
389084721
6808561153
1350977279
7958112997
6519218071
7521370110
5362917322
5693609033
6140820318
8198368783
274600710
8080356147
100975793
1475758428
7873845884
6578099235
7135114524
5427276793
655672143
1985144339
7175205529
8004869053
7991277750
1974700190
646717466
7995004388
5087032049
747983110
1850260855
7198772288
5181189587
7745551466
6120396675
5216656888
6574775581
7233639645
778188603
1643505035
7435295601
1223940961
5368085377
7763947108
1212487748
1376728069
7858149050
7048219225
5924514713
7440927329
5886197164
8285224539
5001895367
1088357214
1045643332
6239694626
6716317210
2102968885
5070736579
5905794447
6635910983
7241243207
8172394557
6327114218
7680285207
534010816
7960937568
7205012396
1474214118
1441114533
5058755454
7103968627
6022635535
6028410306
795870329
5681002314
1038655208
5814847109
7809371429
5801332163
1450535760
6774107775
7698573392
8063211969
1332978789
6599222496
1520083357
6980568046
98941835
5115176982
642573006
1168403715
8110898589
1282487014
1887692143
7366073540
6325715200
6108589144
6936293868
533888411
5557556132
6626960409
6433281169
1923309386
7580514691
6964948132
7429625651
6870094492
6701286765
1080679316
6496318859
5831686345
7818275226
5989413232
1218033180
6084397556
5283647608
6511574149
7437654075
6860937850
331940075
7652266151
6134737937
6531989909
6347562812
1481904896
6289928645
124314433
7576685324
126868002
918445691
5202615864
6408027210
549369934
6694668699
6816821998
6189337601
7837155796
242076019
709705218
5472934183
2009372620
2019324829
1419379130
8344551479
6335930862
6130594156
7437657920
1317810389
6965395216
360968852
6545944382
613022220
2091708525
8153647853
519949858
1669999588
6047169710
6629282104
5427144471
1949345251
7214241558
582007994
1199819566
6826603836
7545107146
7113921237
7007440583
6274019574
1849923392
264856538
646770028
1703714781
1384447913
7846614854
7544393737
7495612392
8120361911
1382026590
6838653522
7681523864
1717982301
8179860149
6661021662
142261634
6228398970
5575604158
6092263948
6075880273
6342505952
5514702533
1401821474
7092567640
7330588162
8034410116
7309287971
8286304793
6020351019
7220038232
5047798047
7163593286
7938387102
6576142715
6789065591
6421562831
6429939171
7548901359
7230200044
7626733720
7392860253
7697259603
5624635094
6702379549
6344304250
6319592946
6386626496
7454547564
6246997324
290593869
7787168234
7704081623
956839314
7595948202
651839202
8142738093
2111250648
5172756791
5100571872
5826947897
7457882666
8371302588
5032262961
671785842
8378676887
6130497981
1373346337
88424034
6323891075
6636013203
6178211164
6119178743
7635228594
5187484736
5978677109
7700365122
5831691654
6892474312
5276285264
7248615202
6541326788
6151942009
6399992311
138286224
7146297393
6681130937
929566139
6031541819
7562598967
6483011494
8551878392
5379538930
481705730
8048136690
7630796803
7158807213
93039139
6580993003
7599814765
6329489588
6942353874
8031198503
8094637684
8185656794
6040113967
6019037029
6526549011
6297521731
6403770333
1107154875
6658265791
862061878
1000039696
195267976
7542194532
6251144199
7451555035
8081836224
2071473468
5831398470
6921263312
6451026005
7086117402
1645988892
6500193762
1367365556
1860444906
760309227
8459103161
6629416788
794046337
1419587711
7361378366
5641931533
2033996485
1829077636
8057518873
784623989
5756568432
5561003467
382582429
264661615
7287403431
7756334101
6899349039
6290462683
1686254781
6231850609
7912876171
8489935391
7370382784
7832956335
7905090051
5435105654
6437274676
6360277716
5630029703
5909256242
350589301
1245184331
7745965118
7770924785
6987078207
1266573882
1801129141
1439839177
6545928907
481054045
6291757536
5689936949
5964555865
7265051254
1295317974
7612823883
6791358549
772875396
8029509975
730577646
5708289381
6992359847
6480009433
7027806357
6507960440
8235039355
838781969
7867539630
6113767595
5227000657
5281374856
6516159468
7175081670
7505501430
5387249719
6179657363
7908207890
6414581221
1613610662
7439635623
7001109710
7813536537
7308798620
221916982
7585932559
5557578700
1076396439
5180982824
6813349592
5257537126
7787300534
263319502
1307781403
7829035316
1498901982
7521530192
959888383
7569064583
1387717420
5486243486
328683724
7432355902
6761144885
7085726351
5909772776
7403071501
382115724
530085167
5458476334
440432953
7448265270
712575396
8277014714
673467787
6027777867
6865589887
7893492832
1498408071
720453128
7075606887
5691689503
5090485564
7347500606
7360437465
7951854697
7359357840
7350407038
1176679755
5599883494
649594810
5703227866
754312270
117058460
6892433191
1896338039
5292078544
5050049030
8333253506
7344145712
131717280
7261091520
8329042967
6952317560
1287010862
1096726774
8470114124
74583186
6427693917
2127999807
1413710690
6544880246
7836936866
5739209747
7216815108
8388145220
5430840770
7517097393
2126310676
6792525315
7269020944
7108026929
7278008930
6276658170
7527442767
8128349088
872826987
6562814093
7307544479
347068398
7205411019
5231026274
8231781489
6889359167
6292310143
1119418987
1832004269
6224176717
1896650944
6318643258
6422993445
7478166430
8132139548
6798830963
885925675
5621413886
433255073
7630621854
1143326902
2141748042
6956427375
6488937379
233627833
6370368406
7957259890
6063130852
5022473031
6729651466
5582451053
5570728290
5148532326
6516255022
7567427679
709691190
6534055752
7547383666
8026357805
6811601278
7653244909
5903082419
7441852349
7030165111
6995894073
7136413559
2100305396
946779758
7152477202
255431664
8231547680
6916615868
7510340755
1129063430
7172113923
8160596200
6463961177
1342627235
5358054636
6450577630
6622543798
7015172934
6516545240
6901430400
7427812469
8021272130
5248552346
7799518379
6901690208
6125829010
6657892031
858588969
6211470207
1187444875
707737013
1372521673
6862363128
85506039
5832499531
6866759049
1844318164
7255260499
7713839884
1975188862
5316684751
7139153880
1722011367
657949413
448469277
8364917536
1460961606
5966594979
5757223791
6588517742
6701025042
7676466595
62001453
861399960
5937035953
5616394005
8313939882
6864069136
1816355155
587232902
7171618795
6042266892
1770705395
1226681274
7782501617
8045507463
1916788757
7045007850
5730496938
6045051752
7992832324
6460027972
2121332920
7232643110
7220101640
5221653626
874541644
5950942244
5291076272
6395064642
5073783210
6257469239
7503785945
5180161449
1490241585
6722163604
7774768920
6718633908
610899231
7429848482
6520287330
5500090264
6644093831
6727629761
5998974980
8448257523
7636777549
5850315744
6546081587
164215995
648360033
5113944543
5012883682
7318521374
7894593807
1751303887
7287974617
7859916847
5389093833
1233819529
5861402951
7333361978
1234515247
7152110608
5088523333
8089991817
6102558841
7391348777
