6793556284
1419379130
5427422252
241264060
7187966224
6337456371
1399773606
67566511
6153156972
6243310017
7221080946
7926520207
660178676
7548653296
6611387331
867580061
7930566333
8061363045
7784588852
735960386
6657246146
6727876101
7353026104
7478166430
493688935
6344639210
5437967205
5700626426
5003066605
5137801481
8150454767
887007870
8019292975
5876303670
2094975497
7755943676
999089037
6560127673
6448614364
6895138581
6902805306
749394342
7642037244
7107553688
6854791309
6351033266
7441995430
173479910
1361995560
1077642044
7022633113
6362522230
5237107322
6032518984
5165440998
284594529
6938952390
7881770888
6184899411
5319783035
6263236583
7124190367
6824951462
1244863626
8176981473
6407372659
6507877150
7324044166
5016893238
6656021918
7021035425
5847009121
1446089546
6438573241
7642169131
1702644751
5633703980
926467117
5089240405
5659369159
7500525431
1127335878
6620904282
7492387203
5702862118
7046176065
7855299966
6687460008
5664446733
6797056492
6475332836
1909111295
7307602362
7614682973
6403041849
6979194688
5467410156
8160284360
8069709655
6010053754
6436106230
7187566291
7361601530
1221695171
6408735166
6692711342
1456334710
6167468177
1283931297
7121158262
6584860479
7368602394
7108382642
6432048006
6853770043
6440472109
8116471292
1668673143
6860794473
5073140803
7188033355
1662526400
6673865170
861960759
5620891349
1608843242
809473060
6899714626
1987661304
1126467058
1763573660
7870402589
2001374504
5229493220
1116066941
2094270614
6656531047
8152337346
1745094454
2038810539
6518752806
5903082419
5707808655
7329689209
568904438
7164658384
1183294217
5843385515
6841797448
913708175
2135041281
7805919769
1202782041
5294628530
6991661183
5991540132
1103482243
7567423959
6699114314
6504841818
7944187962
7620552730
1596185428
5939764404
5008149869
1697077057
6340060328
7371129547
1916393589
1129866628
1964136586
6585446825
7427044108
6442179377
5142327084
1304172878
1282699561
6750595306
1405562310
6550233071
832035748
6827358731
7204388515
7158192130
7816111614
7060171317
5737829874
6180127340
5526568485
7881131662
6031710112
2071356840
5870242157
6450767920
5848369283
7470333287
7344095705
854826175
7084804700
5768995021
6093225731
6575670022
501043480
6955811168
5970804532
6328951377
346505824
7162066997
6162834704
1201919586
6379705789
5311713375
6586489790
5684678132
823097153
1748663127
7262796237
6724721547
7409875102
1684787683
6620014467
174723792
6457364559
6919172873
7980815544
7101797970
7660201459
6768182113
7011588198
691418351
742624269
6008686614
6505796657
7419978823
6342394004
1606282573
5213828490
1909507421
7758671410
1306119662
5267456298
6572982537
6798614766
6302978062
969858112
91167121
6850422721
946401948
1033098690
1886792494
7366946048
7565897185
5409501462
463662630
7042629296
6170411776
6124513436
6349717683
5416717994
791248431
913039626
7217557828
790812356
6890373356
7193108106
7065829451
7492703142
2126381919
5610093493
5133152632
1289800498
6527398805
6946048765
8804365
6970874813
5862053192
7892492003
1581235272
1161188675
5711315497
5638090474
6828067131
5402989518
5787840107
7173367063
6710138904
5242282650
1210911899
6452756619
5547096462
6342178862
1180378475
6902432629
1371638190
1298558335
6863038660
7360946118
1508701855
6968566367
7962691387
846318037
7068895567
1517013747
1173865328
7031755913
6517547248
1810207586
6471373633
5605464624
5847638429
7136406264
1559967577
6859740527
1736993622
5811321749
1906731405
6676199573
8059993785
7069320964
829045946
6015519906
5590455150
8087549540
7204792615
576171193
866110424
2109104301
6923948088
389839212
5317037367
1095343279
7210233059
2078329866
7140476520
5000343503
1452345517
7603649516
1896576288
649594810
845636978
6465777553
6385288408
476198374
5381841239
6184886292
6743637063
5682338915
925720962
6837844338
6220832569
6742684962
7428526671
6151655033
5758382085
6227046242
365864839
2147405033
6747593488
1028075063
6685807715
1175847391
1467026559
7595702173
6879311735
923915017
6748552660
5734051447
7885681115
1943331859
6061944245
6552317762
1891815416
753929436
293198540
7099921215
7448842464
870018848
7475306966
590011191
5349398554
7300862975
1101099887
7099107510
6497815478
7121188306
7049995117
1980751770
6297071998
5344635360
6978686851
1278778683
7175124647
6209737338
5038010872
1111907083
1410005345
1626305869
7495174928
7125924810
903401607
6694220415
1207907731
1594436319
780865452
197459990
5641889392
1626255003
1308714052
6349114716
6378229716
1382655310
7020192311
5033909213
5871300501
7234889194
7084759945
7760876732
7765732044
6635435330
1434793059
2070989090
5856675402
451014427
6939881398
5346306823
1007956174
6295385296
5115072402
1234290093
7582769459
5583134505
636594416
6754023882
5961445694
6815560530
6989257719
970329917
5750257539
2110171591
5345773977
351118957
7323830064
1497214965
7127192427
996593382
996398687
6742134530
6991976068
1525560944
6424104032
6508799493
7804918866
6962202845
1666957327
1407840588
1042839584
7708016966
7491632814
5976496643
1731028119
1790749982
7227565256
720760209
1879878197
1227408426
1616807510
1096359921
1613708687
7164232857
1184661147
7263029270
5172706571
1574320278
1975075712
5486681031
1056452673
6821490292
7171468369
5943359005
6378770662
2100653102
841115705
7733293448
6423989217
6524010464
6707082698
5951496760
8121531446
7531008219
5090924478
7617728603
1378713143
7399271794
5140813182
142613447
6607726671
7221498727
1729162247
5004973045
7281549552
2031508368
791451156
7401575206
7101222710
6553904194
6883653259
5213395510
6974577022
6114239983
7493734902
6036402802
8070270437
7986372892
1365194867
7250508738
5441740474
6641429148
6815119019
7980557034
143534883
1691742362
539126169
1049874776
7543053575
5070250942
5496231392
6876119046
6971319834
5004581464
8086619809
6839992120
6951877861
2036518625
5659731852
5153611442
1879059071
7535110139
6153516327
7597536450
7944038354
5052120378
6440006917
6400646750
280779532
2063350116
2116373069
5608861308
7353847028
6486774189
5070745961
6998438439
7876608772
7605354015
2071336127
5319303457
7252975154
7162654460
6905156868
6051461944
7401063286
310326257
7439966738
7700375905
5315927319
5871205203
6467236997
656675759
1543349269
5019791096
6128629184
5235973804
1573644463
5564806421
1218033180
6009493493
6521331989
7980682675
854654259
6723640920
8181118347
5049967322
6196016976
7335260428
6562763299
6794431018
5080624213
6543094789
6028802349
7431259264
7327041849
985119316
1873505711
5459527266
6500622758
6449370830
7339752750
1419750948
2060461356
7769447729
7172143277
5300502621
7645788804
5310528570
6405744952
7158014114
6596096106
2043341628
7546663168
6413950706
7166690351
7200889395
7716749616
5763812476
1442670262
1104699784
7768325301
5679584778
5329895870
7887365841
6727971546
5225416793
6543781502
1084829722
6079971977
7606431057
1063205214
7316882983
6075441304
1069898424
5665745098
1048262115
7451945785
6853123149
7235248816
5309227261
7875112345
895225993
5911564475
5888608045
6031295049
1591042574
5214726438
1751303887
6968313689
6544499016
6833219107
8044410070
6952951529
2016631112
5457018221
652666508
2011126634
6943794061
6947400519
6182476485
6934607354
6726544875
7843251380
854320355
6828134909
1636184996
7944408376
6010156556
7647012694
374146497
5473537525
663699721
7693878871
1706255128
6840766842
7347717679
7822687415
6917858833
2043097219
7166130906
5442446876
6263910115
1164047338
2065501885
6664653194
7059548963
931415992
1573434032
5041435450
6669985073
442076957
7807903302
7722687074
1584148781
6549673874
7177188918
7898005006
6092263948
6376621128
7786504330
6804231117
1847467295
6859957139
266368973
6983451652
349804219
7386503086
6941387476
7194042130
6318104555
6978355059
2024303098
1209258304
6001008918
6630689098
5862209689
6576488116
1881970516
912378253
7914666821
7089229400
5589847922
6220741724
1661254314
6904112762
6369862069
5015161057
1349277702
7058269969
1721103222
6716196154
5341215119
6325613842
7010241173
7942956407
452982463
7004178633
440733341
754209818
6435538692
5574489654
5158514191
7595717387
6568391109
5052933811
7469862964
7206151930
1762421745
6370608271
6740130959
6543858361
6856108683
1089502250
5481892277
8032436152
7644375844
6952413954
529751898
5194640766
707597560
6649666152
6873114900
6021261824
694154708
1909499137
1897029082
6285919565
5698173929
1814439043
7087642754
6720452643
6710943699
1191923100
6215455598
862729123
7463856257
7901017247
5852500228
7317098142
1197913231
7097578143
913932329
6327400583
6658440017
966666914
5145145354
6190084434
74303046
6503375486
558744127
8056125612
1733565383
6932315727
1475061597
825722592
6746486107
7406561893
6417256077
6511301459
6632477899
5491645874
6329498425
7137601625
1670893013
1613272577
7943711835
7703153397
6904738089
7229413175
1924945427
5107594188
6304038708
1993516233
5895740484
1497248969
8093382651
7732231373
6864129475
7894808492
5988601478
2064323214
7070864746
6981980180
6869965071
6143318699
7580014722
7335742610
7267164092
384602113
7648396349
1211423535
5756810373
1993960307
1706490050
7639663462
6746355560
6018297124
7254183408
5464369782
6909440864
1041190888
1046176862
2054088989
7179216849
7242932188
5993982096
7217155366
5389467615
7089085229
6603932519
857056126
6582487874
6086788491
5752138744
6946423073
6125094281
7090386475
1527398695
6686954447
1743734656
7162075497
6078044047
6791802253
6971666214
5286133656
6063722828
5411905136
6738404762
5994744877
6125120663
6548320111
5481354207
7201877785
6634823735
6404403767
1041084571
7482321033
785423056
5472223137
6567507644
5549567874
7974829153
1572587409
5648493955
7739088697
1781846088
5847402484
766499972
5838796828
1681579031
5845929046
6478478202
5696526926
1497195628
7155354165
7144693475
6600078892
7081890335
2100790768
1833513036
5995906069
147751203
6537116585
5177286231
8047295586
6500721125
5970274714
1583607625
2049724499
6821535001
7121571630
6742017183
5591233019
6539483914
1362275842
7019345359
1744264450
2044459727
452644910
1871052066
1492648330
771345315
7461942631
333173972
8038251324
894058419
5333618777
7353051146
1266906306
6367450958
5878613373
5511058358
7000494442
7910195917
6140815360
6143622515
6448836525
563572372
1189756984
947099973
463153863
1109904696
474091528
6774176898
836143175
6599683408
956416400
732961104
7260271723
7418910141
1539966311
756638820
7101891932
6537390538
580930915
7590300574
2099175935
855888381
7126060036
7008623798
6777473790
6866435812
7656514832
7860415731
5671062199
6213796904
5944762230
6336437249
7238585851
6369412698
5256656425
952999989
6640138160
5209604709
6852943670
2094398973
8099301987
698152637
6647412987
940995892
5511209817
1420263744
1727310599
5238614858
133395905
5381291201
7305316970
5602262275
1253364231
1394418333
1677647082
7572999399
2090529841
6339573823
1794941756
1980941420
5345752327
7015410528
379011152
825661844
5115729839
5070801919
523654692
8152097698
554240763
6725962519
480085485
1721591015
5837821505
6899162281
6314843043
5518733793
6806152125
7146746407
6115710791
7283380199
7865497770
6658039846
7648662872
5380339390
5671341076
6523694703
6445077122
1359409465
5259003431
823172365
1096845772
1930588694
6023872922
6838277244
6982020308
5700025855
7825754415
6895433787
5484028603
5284485203
556874413
1178941050
8073500122
7738030818
6791538644
5664379921
1924322913
7462081064
6248525751
1387059238
8173399581
5364717107
7759291681
7298355712
1925296751
5728962400
5616889365
7915653588
566992219
1784211310
6416068990
7587823930
7456996097
507811450
6802137702
1199475423
5328777707
6233529454
1991958652
993503065
516735373
5031803499
6173722517
5289910497
7271216956
7453871003
7412491244
178407402
5812942486
5265309250
7094906511
5081311763
1028762677
5356295129
561839088
5320985096
5551080059
711128149
7147418267
1235305760
2142485946
7409717165
7861270141
7837765058
7489190507
1052643816
5369035624
1080542524
7913715096
294987014
7614987879
6324436685
2017221977
7408273963
5620315236
7225245162
6584364737
6019502931
7145125956
7180967737
6206370695
7165985138
1190623843
973888502
1420552568
1446357943
7316001179
1293846602
6392928665
6238158497
5211322166
5150543568
7451961315
5982166245
1850678623
393424694
8196042851
5586546784
5098071987
5449804225
8130592393
6703368774
6421805602
1604242674
695866547
6879795410
5969561928
2110992098
6149873064
714421194
7683059112
6830510651
5773707567
5801967696
7883940393
1837824943
1182236907
1368044294
296120970
1678112785
7515811399
7213342100
7118014268
7181364895
1699796329
596543218
1650394117
7659291805
1145458628
7076572870
1350671660
7479762001
6302410910
6012814218
1593080693
6508108664
7557888916
7457429423
883923206
6944770106
562058926
971463097
7871910185
7104756250
6620480025
6160354768
6816937669
5510145189
5305424270
6986915375
1444649898
7190007562
7663667735
999337372
7123786031
5913251621
7870882320
650372113
1959528780
6551316419
7567219822
7079928800
5041692030
6673282493
264361093
5706370631
1929042032
7673388854
7435206799
7070052977
5002923721
992564984
6130645527
1661229929
1516974943
7485246766
6423797799
6882560504
1175574940
1240351584
1147281185
6128652331
186272106
7773793911
1091296619
855509206
6676234702
7180111106
2083265174
7479254209
7896352346
1775809765
6504067946
7018491313
7350842322
6334635961
1719148856
1551736098
5482792191
5876207604
7194313687
7067164353
7500338558
6277573967
1642986218
5346511103
96530974
7061098569
1506322308
1558784986
6922117505
444321111
6463616777
657872056
830846220
5374379670
5240015654
5365343303
1441789599
5095123460
7888596476
645904493
2050798366
542624324
7345048180
5334261697
6078036055
1941101753
1951548794
6573409668
8167894877
8006567977
6995247017
765135309
7501983587
7542119765
768312784
5921569971
991808939
5290132463
7872326147
7024573229
1758103385
1793677752
8047701352
6759729162
7208041597
5888000451
2043831962
7029857808
6589556898
7456645098
6817135326
6927375583
1106117175
5705118627
7160419349
1444244613
6536712480
5998974980
6790437565
5905130102
7542618309
6463414723
5688178846
7102546593
337440132
5120477209
1088736397
5223192846
1897698069
6750626381
6079855942
1272340980
1770870370
7364553902
7681455444
7908914810
1958312310
7290846989
7401660010
7061315888
6503985407
7701836186
6575143184
6355360942
7612481181
6567123556
5378616616
7017552130
1247877667
5321036323
980481290
6576663369
6403304180
7331022404
5361355522
7177833340
5094679036
6755435277
7008663105
6332741454
1070233970
5684730561
1275011916
6306289225
6704458099
6915901143
5314987297
6779542527
6373669433
5969882830
7295388518
7178077823
6701895323
7411645400
6959029114
6042516290
6632089890
1384271664
6919217643
7814447861
7855203746
705957872
5556651637
1488763809
6142973132
5469382707
1116853050
5990171510
6451443512
2080468575
7033406475
7590536149
537632285
7179656277
1260426363
7621023070
1952374933
1139066199
1144113521
8049011509
7022103156
7325795438
7152959275
5868704121
6403963367
374882804
6554654515
1053104957
7684901935
6460187182
8104316891
867224527
5695363112
5067214139
5658658961
1495053705
710404652
6944567437
1042822313
6914886428
6786428502
7489594281
7639399647
5754072782
7750146886
5831836765
7001288361
994660541
1375139263
6291170792
2093998287
7975631090
6931355892
5709009012
223956262
159243844
6950087641
6023276955
1212704787
6428442391
5621413886
7405376085
8026470402
7793902392
7396410523
7130218452
1431908952
6109930212
7398192186
339512864
5663946537
1571968182
6780844995
6086463681
6829319949
5459882851
7792127360
5514567144
7098158300
7877878416
6362624142
7247112980
1221313988
753962181
1304201571
5914895058
7491565825
6660572908
7346238138
5235000732
2081670464
6909217245
6955618987
7361185236
974471538
843109012
5075235907
6435663492
1031353678
129658247
831343109
75220892
7590044064
88706335
5039783521
6051055127
1182354232
5164287841
1109101863
6054080944
882847663
5485251165
1198527488
6327652543
5407916096
6183348840
7597144603
118210550
5875720583
569785028
736652946
1370601477
7394640405
5500945132
5502017462
6821462357
7695210823
6488951498
6382031665
1864742277
7116145518
5395912566
1241615550
5937035953
6582207455
5846109770
5614300555
6802296880
1829293142
8153185420
7913002690
1211721734
1584514502
6435020023
7780453409
6810241415
311648017
6428759633
6032199001
6998689089
7597070057
5406196981
1250909667
2140876607
522923934
7173478697
6976574780
163963984
7122064025
5432688441
6398068716
500065061
7099150134
7262959355
1118346651
5862933536
6004380466
6809100875
5441661811
690462193
7718218112
5733374808
6765854474
6129913541
7279862021
8087990651
7517700061
1826555334
5210225713
6708791643
6178582066
672846620
656443409
6471100457
5746908625
6748347533
421811669
7537922435
7488492510
5791236039
5395023791
6547683271
5680816140
5792978711
7671901187
7591555216
6812271089
6238083567
7362177094
6407615925
5803293155
6597863597
1410989925
6399680580
6662853686
7172590949
6775597294
7107311224
1228663361
6856370895
7545516236
6941216388
1927494570
5251486954
1765132950
1192944506
6244577572
5893352309
7637560975
7181506426
5093938456
239325140
6483318778
437654475
229062384
87261830
904667745
180683923
513543714
189795446
1505958238
5485404756
5965182072
1302445824
1819104578
159219462
5106510356
422640307
6599285015
5376834169
6537961641
8014831076
6096025519
6864707378
7414529060
1979830385
6706920572
7868182855
1890649691
6992767068
7901921512
1459607894
1130437235
5981336244
846024277
5615807048
7778931728
7141098712
5006910410
5217293366
5407760190
1440278544
5777519666
5144563175
6426484550
7285348353
5857395922
8140051918
1533617904
6546282203
24530102
7057339186
5198484049
5148994218
6325561115
7293622732
1138920578
7053190565
5754047048
6355602911
794046337
1944371129
6290462683
885018836
8167643167
7806262232
2015555771
5464732473
7678289693
6673076964
7266441117
6921357562
8033545049
1019516236
1773035012
6506970804
7030137023
1058599474
7263491380
5413364381
1613610662
990112873
7403233993
6069030571
6849396843
6027968716
7718532260
5434073709
7903210502
5369954485
6611895972
6540395333
6660738017
5921427353
5441120749
5977828260
643364896
5863044034
5734315056
604252094
6636154234
6410147961
6827809801
5181739119
970353014
6361589892
5366857101
1851111671
1865048944
2019797773
5200504203
6073297945
5954819236
1913995981
5865955961
7906485796
7050098107
7199380050
6725085070
1909471994
472252680
2088893845
1742990020
6557244660
6016264822
6529686857
6161618711
7407102901
6806983640
7022321468
7623355897
7016289127
7498344594
1531628204
6850215949
7098376173
1632647087
6304646738
595130747
6693524955
568200026
8167528747
1856669224
6576186567
5551737327
1239861507
484034627
1310798482
6462340636
1145576673
7303955213
7309773787
2015159773
6333930498
7112045112
7671861008
7563936359
5099814451
1213218982
7270656544
7093165653
1609729168
7602294955
7832009659
5218450175
1460439769
6352188147
1733384527
5649036668
6957617971
6328535389
349638863
5643713384
6269316852
6413912315
5642357555
994007971
7342213995
6255581767
6043064867
6524326355
106529261
5942981104
6213708507
6327555157
6635554707
8151645165
6663719412
1357864637
5840979381
7093861034
5064304444
5664065064
5088103909
5855752427
7200179338
7419010981
2009372620
8018614353
6148572844
6607163805
6266083095
7273349076
59628958
7778127387
822345290
7341199154
6498447709
6372364067
7336545857
552875469
1966067317
6417344729
5028175775
108085179
6846365200
1988296744
96453843
6370505341
7900115135
6927435721
5548935842
7063311523
6695689827
7372111311
7653843165
6509608869
1973108387
6720418064
6526940544
6900005406
869626661
1387717420
8145472739
6897356215
5050353584
1632238102
6200891569
6154204318
636559193
1647530245
590201973
1956543297
5484484609
238530035
809009098
7660620269
7295087789
1364252875
6519339950
5010318289
6634428021
1836672187
7246794142
6374475189
1707554485
7098316728
7097113148
1831721008
7274631002
6300364449
1322058237
1832770893
7242966454
7207463911
7147082739
1922780833
1180443408
6946697970
6879793609
7201343918
6891466915
1282966628
6305512017
8165875127
5011015430
7108371071
7315353396
1041436298
6179581729
1984040645
7862055788
7098514531
822108394
1936487589
7674619478
7271472637
5251836575
5278868417
6281987900
7153115609
7140194206
6541495121
633585036
7666030326
394593551
7158528111
7135509070
1583481477
7290182710
7978027869
7041937428
1693845731
5154856707
6786503527
7777094337
6595168757
6674876977
5293045764
5054612372
6366932381
7341999114
703310064
2009527509
5725318091
6158988438
7430935040
108879661
5761383106
483617350
6190421859
6826299440
6310281440
7514167620
7575496464
6017561613
7372948863
2066288257
5111714064
1178118269
301612245
1138188307
7883641150
7087682876
5640737265
6481499702
1683982178
1217506038
976363798
1933953681
5933565738
6399293191
7413314534
8144353798
1953690758
7879896484
1685548361
6388872149
5200507980
5501151012
7847731026
6017542973
6634610293
5966366222
6605985803
222751035
1358894923
489861227
5790873812
148884372
397270491
7177476489
5860916376
7706014709
6640112159
7437613782
6675545058
1181027395
5316856543
1081060282
8029135275
7115480432
7525044854
6915394554
6316062972
7155748700
6066069138
136633438
6366476343
5047270216
1809402941
5989615453
6495188196
7869142616
5909218519
6699288503
5136541222
5349545722
45632899
5533057962
7384248945
953525821
6300208251
5357092564
7066200076
1619386965
678994715
1540414729
1229306230
6105074764
184381642
5557703255
5339224253
510568381
7466735072
7298574449
1612854766
6831339825
122447401
6976300366
767596725
1178584345
7403611254
7597837385
6767411934
71408270
7752367980
7570038072
7104485887
1056152843
2087171906
6743575762
7724619385
504880255
5929510135
1051852308
6546014158
754952170
5011655152
6985712001
5165963780
650363414
6862404458
1143368363
1887692143
6579612728
6657907332
6621875053
6800108114
6588418413
419451969
623168139
1640945511
6436917622
6002877070
309895192
7219640988
8021989927
7654366682
5169312366
6446160090
5667766526
1365357620
6477385731
6317759007
124704101
1109694332
7478494709
7645207924
5609256237
5298719735
1338494217
7281033734
1480870375
6738120276
1846246464
7108298285
1644373143
6746979920
5437923624
6848240500
6325644386
6617106045
1513255916
6194365406
7722795292
6900187631
7424950886
7711078311
5208244285
86112889
178672401
790061943
5682140632
6912815155
6695721279
5106722565
5202860453
1308659443
6936196954
6774817318
8188951495
5807377964
7338726492
5166403710
760830682
7485971607
7829565916
1216239546
6578348912
1174413763
6458985575
571447105
2036319580
7559817281
7436593203
6939991624
6484577868
1744862146
5508113815
7994541969
6831436738
6275645792
7461478124
7717694580
6804068721
6804712249
1831032098
6466771243
6478645040
6594627258
7495755071
1261796167
6168519946
6772012126
5589571780
441692067
6460276587
6102014572
658385296
7618886609
6080551603
5779627805
6006324078
8192044475
7866647347
7385173759
7430677615
7067110470
855931624
5123604580
6636013203
6479977734
2040752457
414205912
6888720913
7443842089
7219588096
1244920817
7019378325
6513212826
7493544622
6997229833
1581968108
1655392716
1816721149
774149139
6289172552
6400889583
5900192347
7852638816
6488803399
510874892
7730685853
7131737972
6292158379
714758519
218350058
2040355729
5905922236
7942199924
280656406
6907391985
6409297695
6485036767
5650759435
6722713611
1328188327
7904948969
783100897
7401888945
6373475388
6875582193
7068484770
6629418858
753998587
1493996564
2083328686
1167052227
6050671010
7728473980
96376418
835923285
916390819
1283171561
5998874801
6569567553
225766324
1430997435
7198726846
7403789703
6054670716
7391341525
6463061368
5999980359
1232921098
6771009446
6117396707
6589122880
7010487755
5273652901
518044962
7283217444
102294333
5069350676
5001924962
7626681304
6899081836
7235589449
6664359922
78904942
5432151786
225540181
7856465175
6802253690
6500914642
7526390767
6462180722
2025290576
1659221178
6189990218
7405049065
1711572144
6403684670
6359233390
2109004913
8125982703
5846218557
6320806275
990256706
2087787833
7474965631
6703873821
6459727145
7347862836
5310484573
7113142638
765897455
7992025809
5259454832
7192946232
6439724201
5253270599
7477364717
6428825837
2016878210
6442015067
6793962687
6354180738
6786777888
1619105667
5359874554
542104409
7513299972
6905950159
292371844
7522979043
5020848792
6884078821
7103596834
7631353042
7880688628
1970623457
7862406660
7200140832
390249616
6480283344
6421682370
7494800105
6364749194
5753857336
7390381399
5726396171
8060251614
7469622987
8050492509
674260045
6843313802
7033361471
5557220824
6902606643
7353611992
1673614333
6264417653
1170609098
5434779491
2025587560
1334928609
7464652429
236146419
7227946535
6032111408
1959562936
6896816183
7205990513
6254701837
1748496088
6804250423
7081668896
6386885460
7431353650
7399233970
5235992649
6722938355
5239329042
6537445828
705712524
7108376434
6092574421
5154368569
1640854620
446446345
8069144014
6735053950
5442556239
1010710618
8085025318
1670459243
7536517955
1614058384
6509452621
1411309346
8055348364
96995540
952809473
7809096658
7398223429
7765695621
6835504033
6193555529
7064411025
1219709321
91409465
240632955
6914839273
1272081287
2089814221
6440814544
7320166651
7263664749
591852251
5555266588
7024678741
477537552
7943465470
5432255311
7032212769
7277407067
7052100729
7702855516
790715678
7013674549
7006722620
5798292168
6799908471
774379146
7399824434
1607099808
7198613141
6713383881
7794814706
1144572795
6833853769
7597213054
498201498
7400033085
6137629017
7284461466
6377597336
795090659
7009902430
6193779805
6255033867
5856927266
96403382
6605986353
1798291512
6690900955
6061906566
6924199723
5718218314
7676393144
5991180568
8154085998
7663975069
803994956
6222990220
6241006942
7131134915
6308335306
5257662542
5419918785
7091249760
821332283
424153319
6294683442
7332933912
7655923758
6428266954
7463202300
5284107989
7278656157
511458258
7682169346
5307366524
7282231425
1653412219
1725016848
5120180725
6202146870
479517335
7336671858
5132933880
5021572122
576421471
7855591181
7677698467
6772128241
6409156061
914236032
6343221515
6320517059
497768608
7300493016
5148365931
7642161605
600066508
754426948
5180432087
1786019692
7139610310
6617216599
5652767946
6458009669
7156759896
6669361181
6644022245
7933635910
6045604880
8016857456
7340268600
7556272742
5510220904
5293994728
7180338526
7889233822
7694606110
6919279534
7611940443
7694235357
1789566153
5397198491
1099249933
6085238455
7318334870
164676545
7668816360
7654251798
7934386995
7111918444
7385158456
5124472859
8164861304
7087465668
7143561197
5354993920
5020208760
7691929506
6526986771
1778236728
7394439837
7187089432
836504386
731863270
713609595
5497823601
6978498001
6566606610
5885928317
6579530483
6192242631
1561850738
6561636588
7188311792
1359296034
7778408753
6915286411
1246548042
7072910306
1886663619
5182794812
6798435264
7836411285
7865907687
6478623218
7049847473
6299537999
6513055434
695495283
6676363931
7159505150
1569043334
6375578280
6572210644
6660632278
1846887578
676823690
6682647709
6814166483
6489980168
6311381995
6930217519
1170010802
7005893836
7107572498
7745208936
6982061626
1612196496
7059644229
6239381523
5642498033
2081086315
7412185782
5243942491
7214864029
7710112627
5112997977
6025485410
893929057
1096987663
7255547881
1161650504
8183499206
1632138641
7281230822
696673371
7567605016
2052902433
7834029788
6136959117
6187369560
7063569425
1289596304
6452240475
7245848712
6829433453
7035115107
7515645654
1645988892
5587252760
7912710698
5238704834
7101899608
7848834640
7799860250
7743568301
6788118143
6006812651
7359757047
7006879850
904898927
6515001413
7380290227
2128433887
5950810712
7194198571
7735163646
1783181772
7684731526
7235996089
5850599864
6230524386
7042757222
1810956215
5742321575
1015883305
6655324009
7927490976
7794106940
629349870
7884503774
1355946295
6503253529
6425924789
6665483205
5501841291
1238289539
6937100348
117407175
5433819205
6757467810
2037222501
7828959319
5155423762
7621309515
5480234321
7332923202
310027019
1294095211
7371537714
1600026084
5913390144
5018625823
115710354
7400691015
1688831151
1141562924
2130429341
7370659171
584327806
8158097942
7786262197
227549027
6343313360
1534742983
7061524270
6933072069
1880001110
5265070737
6419070918
1563370707
7894151274
7607192007
6916485218
6619678583
6827464870
6602356289
83458379
6935716478
1546330515
7506666157
1366963720
7791064081
6719186340
7399265305
7572168254
6155414436
8117900787
6781346175
1476194586
6933282887
6398312392
1564738027
1895401211
8128429909
7810847095
7598067953
1739144094
6058911409
6992382577
1752948652
7786983243
5604750388
5615468495
886652617
7833438039
5370366709
6948486915
1800410277
5910833602
7640046806
6130808074
6054640326
7677947111
309533255
5715224611
6316900774
119887005
7541660014
692183230
7202438369
6563914700
6798458726
7110380507
714259953
5774074980
2045704562
6554236042
1810279177
5361523953
5350096577
5878146946
1251899882
1083476623
7940128802
7115540962
7586339537
7270854591
5247434409
928975307
2141369763
7023507834
986688131
5390996659
5434045497
6239901540
8034210004
7144529231
7343081408
1559837835
5782280892
7667722524
1304327664
6863482536
5420878998
5080960907
7051249829
129110212
6985918893
6115382961
467960330
1373864387
6889460145
5723837594
282502762
1782922165
1076138774
6798763610
7221587416
7112368263
5892344929
783266654
1285222806
6458085736
94208146
6692098108
7384259495
7102940951
7624411475
505352678
762304292
5506546350
641273572
195200558
6482940183
5195745559
1115267815
5699784880
7316453338
1002849163
5065971034
7831033214
7469020562
1727456034
5096361193
5348680939
6756613097
7024201845
8102794265
5233660274
7873184916
1832663407
6081574720
2060679155
1913436004
7886691815
302774035
8048498285
5701654103
7294983219
7467326316
6045616534
6420598044
1575865510
1022541918
6524052710
7203890681
6855884379
1212835509
5063270756
2104774554
5556893339
7190926393
7431946994
5165098372
7158706706
2122009889
7323783343
626605889
610899231
5079842575
5884959461
2033713928
6232994993
6990013492
1107154875
5570133239
1765396498
6437221994
1586951199
5970987573
6363885740
6889515691
7486989964
6223303064
1026523476
7330133112
6998747367
8175495608
5366864004
7630697463
696120249
6630628731
7368328352
7601094473
7032109334
6744058213
7507718387
7344733020
5038160664
7437525820
1509515274
6801164853
465147234
1973448097
1024480863
834699620
962326626
6267727620
5007379014
6938046508
8064257772
7253481122
5151753548
6359746356
1505047157
6922435284
8166543918
6339951241
8136809991
6573428440
5179167758
6069647686
6182513401
6544013463
6678332868
7800573342
7317363048
772166539
1564672228
6917968166
939332224
227085179
871952984
6098646190
5206683214
6362111402
7343748284
1255481915
6682172856
7029602278
6282646519
6403034283
5017382519
6034821053
7623456157
5789279723
8067063987
6150380150
6029861532
7712138129
5154036931
2115249982
6267427240
7721060251
6295483502
6334234429
7473811778
5729770953
6562052598
5700351248
924473591
5938076796
1635228297
6353024986
6994939230
1964916361
1516344657
716615489
822583812
689689216
1902550461
7297353475
5385523373
989739846
7181555391
6853299816
6321859587
434288635
7820925940
8095865935
6903309186
1513627710
448015264
8142892913
954567534
1531240410
7512498549
7825774953
2089695488
6170639435
980313488
6301825154
571315351
5904996655
1835189211
6831719981
5447690633
1967810251
7087828941
5811310539
7231529910
38996815
6163167569
7706764163
1212894098
1687965385
6953953895
6605932301
5756124024
6692743981
6278828164
5323329415
8078479516
5167719638
874541644
5685937675
7182275288
5377730471
6729520311
5981464976
6308317118
100436020
7013348718
5950698142
6281544863
297930454
5077591422
7296632650
6946837148
635227866
2133579809
6887102012
1663093200
383592713
727573416
2061912777
6818053792
1749949553
5665270183
6975155634
7269823972
7152110608
1380840737
343694185
129063627
7722162800
7622584507
5874513206
1106802607
5211546883
7077738101
7092806571
7184406446
676338905
7174736359
5271544152
6328282432
6639338024
1779803557
7824097964
6152221642
195007220
8053760300
8068175570
5298373623
920905796
5579798850
7250741058
6794537414
7224458174
965537783
6090561987
7233592972
1796870747
6731514839
977431292
519026166
8079533359
5779491844
6464360672
7725951724
8008949854
7432516270
1753703932
7837127365
6808015616
6863005592
5742471166
5413581604
7490488200
5524304049
6614795462
6030944866
1803816991
8021545356
5138533500
6624573515
6704292207
1172255482
7989090061
7614953340
2126310676
6221462772
748577147
7149327969
6041550937
5316088946
5460071203
786654943
7827861202
1817168631
5997850678
1717765671
148983980
7667875056
2029343246
871856520
1752723797
5441600154
6045548807
1691624559
5208442313
1803335333
5923495932
5654430524
698285095
7017772711
6535775722
6764690280
6215492924
6650430893
7360838202
6103128877
991310530
6769889125
7935692763
7693012634
5250209305
1430744978
8094101600
5895063920
7535872701
5364004485
7799303967
7018209555
977060500
5655468310
1458897597
377353534
7173114890
6888835760
355275331
953253201
7413720676
5066343287
6633986782
1498511982
6788491579
6779821624
7420530117
7804243727
5294071930
494034401
6442310595
6863528503
1093845350
1538104493
5937877271
7257314010
6085485671
775503098
7338948390
920676463
5835027171
7020206136
6847443354
7514829832
5722976478
7433687107
7610815089
7316789932
6522951834
6962160973
7000167980
5264953785
151432046
809964568
103688102
6856233271
6896478647
6717053569
6175875544
1857935514
6543612437
6067723045
5490688008
5452721335
105145614
5927628622
7197752421
5881157584
5510955895
6400486593
646547208
6403101502
7384528272
7381757395
7723520426
6833506642
6683801682
76317123
225346135
6764879752
6267023065
1415699809
6717083243
662939544
7758587887
5474462238
2129484671
579285342
6401034893
6601840493
6399417923
6814452392
6606486867
1909475999
6458992088
6045992583
7285619844
989321222
5320297456
7091362949
7413155159
5879352515
7094734340
7117496914
7041254308
5130500364
1972422426
1035246786
5550437050
7328503487
386611366
7207555848
544697999
312216496
7200078689
5626454942
325126741
7383747926
6443610639
6347675869
2135848443
5486304619
7007437868
472647993
218572076
7303316289
7358500222
6463896740
7176973275
6504467279
7116473350
7406495279
5790441540
1474933341
6569531158
1795509589
809157816
7216875050
7460620510
1410923130
5948119804
172261220
1692910267
5089030404
86935169
1253919906
549369934
5296799522
7025363185
8185830249
113086016
7327195947
287797237
7202870449
7383335140
5134985305
7437067356
5963621606
7492059318
6938382759
1607031546
6793767925
5406703412
747595081
1009241888
1766379016
5890020472
6777775236
6321804279
6185149105
6266484925
5798791794
1350482340
423010753
1194101847
5152189171
1017326264
5174758109
95005611
6516528106
5173439757
5742396182
5768050958
7285458963
2093751684
5321981677
7390177840
7560180993
124667995
1734026201
7458690798
1868623075
6358174345
7400116203
7029776287
6806481419
643177808
5658310946
212229356
5759691604
7365505679
7116601690
1282445649
7186624776
1065369962
7258971550
5231180878
6861926668
6293838515
698976214
5945433357
58606210
6480401495
7158887168
106051319
7042069704
866819167
6146001562
919023187
1891294635
5033928211
7333832853
5499397903
6867508417
334513286
5988177732
7121120808
6906639306
120061750
6596022077
1842369267
236290525
1051701847
6798310031
6393707242
6918419916
217042001
7220041097
2122327986
6389388254
6541883738
7346088753
1826118743
818636877
7380445437
6081474855
6765551066
5248629800
433081299
5106930269
6317412704
271381755
6769406095
5871800455
7365695081
6238653623
6731181974
6996020186
6342966243
6813007569
793941605
7388862570
2051916052
5775039646
6920574911
7121856788
76781840
7645110078
5589129981
968583119
82700710
7482170307
1652897883
6967983154
6189104183
7216478788
6726656429
7211642614
6804450754
6670086443
1182411852
7645825409
6514326714
5877071393
406139012
6017396013
5922729998
7039829943
6783874086
6951833671
7248431127
658557853
6534408016
6896679698
450005394
731354085
5983386218
1419752018
6160275766
7183051966
5894047056
123997575
6408635043
1395323327
1001492533
6084043282
850544017
6277924697
1338861339
5273953246
7066495050
6482331100
6382484645
5937083652
5530544534
5867051559
263531795
953782744
6776065934
7545886116
6244575481
7495811379
1935186563
7074804189
6973177258
5736746411
5727526848
6835746608
7156401796
64783812
7215525205
7673162529
6699289965
5419989722
6249054171
6789204770
7087425081
7479497324
7692736064
7303487470
1313713819
5920121650
6222211407
6577217804
310807234
5535299406
6449575603
8004412269
127961080
6255256246
5202663528
448725546
8159544686
5830146369
7405538995
5831020680
1920007611
5693227362
5904694799
5102792953
7159777556
1009663358
6311401817
6440646481
941756170
519297975
6890139706
5024624787
6239417474
7310673602
1350670776
7153886879
6551821237
6080777362
1932830968
80721587
6737841244
7764207237
5172318926
642576610
7248329532
693849118
7193741271
803487344
382726078
499906239
6324646653
639351330
5619356336
7314724295
414910984
5509448223
7423231365
232043121
6838428686
7466079344
5721468836
7382998299
7153463188
5082911197
6809709861
1252144724
5309889474
7339287374
1262327886
1136970554
546213638
7976786480
7426584999
7456790493
7575907939
1450713864
177066397
5302834041
985980725
6488493472
6909446341
1063450191
5434192045
6993799208
6553421118
7682455501
5468473913
6490579996
6037720578
6389972938
1964991915
7055914456
1915615006
7525179219
6577545587
1372203210
6232497855
1886493879
6588304282
1053919952
6550874002
2139476508
6081747334
836665393
6832333074
1723131601
7511888622
164530810
7410139383
1121679032
806255938
935251896
7026688548
6999621618
2137577126
7437199230
5304000001
6769599185
5461396539
7393351449
5201482950
6806943485
5764349315
7192324672
97964656
7316536695
5997077472
7211009648
6130621306
7090607966
6751435212
1183703077
6013908052
6586156502
5781862211
6748770666
116913854
6490360175
211784875
7911932612
1884669482
311978480
5324457610
6904597690
815948137
6425974283
7242568107
7990372412
7347058923
340393938
752827041
6115406802
6841657276
6591270484
7477683539
5235673695
824425671
7074451135
515177204
429171210
6461628910
7101789125
7266194313
1230265771
79339118
1449387173
6198731054
6619281179
5958170276
6616236074
5018711906
283559124
7032840706
7078719224
6364850859
6696289212
6688051667
613716344
5744386665
7020682832
7359460425
6425168066
8017394608
2121837133
5097484867
5506443510
6213547351
1388482465
5453172677
5414080157
6552221684
7173938326
1573377784
8098149127
7738397202
592646790
6523162781
244025024
6037393126
5607332259
6477057747
6663415752
8079775971
7573345053
6888922366
648305593
6416921045
5101521802
6453566477
728720214
5579510184
7593516280
6480200786
1938789158
233927402
6749729220
6599538610
8063567590
2009103542
7079885172
6384644933
7026943347
6893345402
7590766549
789459432
6297966960
1393708719
7894448515
7510340755
1738377404
386542755
6574975454
7853833785
7661924997
473301762
1570360767
2146354201
7370382784
7013139730
6829282356
7704060850
6113767595
6898356226
7584644338
8131944968
6011659962
7014357597
6316287923
6519529217
7802834839
1910686096
7625555777
891557901
6027779550
7280256819
1265309848
2101129938
8105245479
504964128
6563881024
1200011411
1987147597
6795767369
102149771
6635312831
7306679882
6796293061
5316104346
7003131185
6270959446
5393950561
5547348320
7580309872
342298411
7312985932
6523234910
5765435924
7713845871
8175179850
7674156838
7127490090
6738077561
1543399503
7529555764
8110227134
7348367707
1319586077
7899043561
8174583103
6453429485
7545667392
167794940
116113447
7249442109
7401959031
6035326678
126806497
7100787371
7145849604
7953941037
909537634
899098893
1281452255
7070000888
6822680083
5814997135
7626032284
6894747214
7161037456
8124916221
7747503248
5255704650
5377869718
5605292744
6608736606
7303627005
7455425945
6210102218
5739699729
6931227798
202761370
1084901636
6654851100
6308840309
7717726284
1444796844
1744873975
6427468709
7843337055
6992025597
2087487766
7680411679
7269604178
5518359713
697951919
7860746235
7096636823
6879561658
1216382433
5590591599
1250537398
5999017342
1228754618
6646085557
7204561997
6679981682
1878238351
5517441986
5635440494
7351138367
7657948077
6477465355
7618220059
5774675688
7868210806
6953630824
5179209042
6312672353
6568396956
1730292098
1400340839
7537743884
7713843500
7606335950
1065088581
7832461607
7316332367
1412482700
7824398031
5734045206
2039919026
7000365107
6484882228
5075540487
996036801
7331660888
987218459
6062625629
7441134713
7766215838
7973965183
6326294674
1889172790
5817618683
7052691404
5841161670
6321582641
7266718258
7295183730
770942071
6019172001
6774589510
1454185386
1429911655
8078913647
7477511488
6984679726
2071158623
8017919755
453387778
7611045772
1130681350
6906422685
636025798
1720598675
7920585666
6401600463
5426623989
5708657052
7291013741
6363136977
6785431922
154996434
7628534790
5885018263
7629697154
5894453195
1257923861
7674324513
2114796810
7893805154
6736235250
6052235481
7380043439
5274228524
6829339840
7050196977
881201890
1914466326
6228396328
5682320712
7503667708
7984508615
7804528171
1561591772
5487464629
6346212859
1551479062
8110579620
6117154563
1383209045
323542414
7844212405
5365668367
6564428057
5328413017
8168961836
5361829718
7352952707
5881415278
1971963444
6285832136
7894593807
7746943649
1427306490
5970326458
7929971562
7747935255
5759214239
1729143182
7422341197
1090353349
6437067547
6555878335
7637751082
7008245608
7135282918
2060756353
7685403306
7382498195
7127930241
504572808
6390227272
5310009160
1748751061
7426717426
1672571242
6688383933
8049404352
5783937609
7257808682
5475344373
7267363898
8194838663
5649828919
6912001831
8014018031
8152431406
6158313686
2118427415
5664945693
6655741190
6933373705
1602434040
7451433248
7777091532
7635789153
2037111917
6016713882
6581332619
6609268563
6392426519
7636346225
5218117350
5177453725
1574164505
7117985780
6640814336
6619240338
5677235500
5582926657
1514906541
7970367525
7020764572
233175632
7243028391
7941472033
752681701
7723580250
7943048978
957025236
6977134999
7283753259
6388299528
7196654383
7976736195
8054133425
6616066848
7197474378
5492899287
6929712644
6750035401
7013959052
6954770744
6198612445
7605422803
6920009507
5211509211
6258061164
992957819
5980854953
6399184733
5956488875
6519731515
772209273
7068656454
7930949258
1047811365
6373757772
1316051969
5163759822
5548719600
6300440486
6311241605
7899839297
7866161602
6918689153
7124322845
6001643484
5296591896
7773922128
6921518654
6879722772
1416875781
7763484402
7117819994
5671520175
7025597679
6008921453
1566503604
846662107
5406408355
7743609973
5103683507
7192231606
7023105543
7569427216
7489720194
6383876770
6789593339
6172731027
7149451472
951566958
7156922662
7287632476
5158450150
7007395554
7926787810
7673558973
7097993016
7713513501
7983230642
6775129617
7514237770
1651995868
6325441313
7610457325
5368761006
1462768994
5939535580
5447815128
7996890855
6532060655
8100389792
1038580050
5318616429
7509613211
7040641096
6091126141
7601390498
6018479724
7732942555
7568368374
7397354763
7234892338
7795112197
7791716029
8061764737
6129122361
7690977167
5763337001
5083856310
7723686121
7574451007
8177181010
6942661909
6429546336
5799381222
7250587233
7054008832
8159768003
7534066016
7901637595
6858315922
7280604479
7867444613
6295365278
6588195216
7767113552
8156258057
5377479363
7591278363
6536367041
6625309854
995444809
6928702247
5613079767
6795683943
7680032046
8171039642
5555596442
7319910312
6875197280
6687400523
766038070
7089028718
7660705360
7732701433
6221183964
5388592650
7435440823
7001879901
7362439874
5711225953
7629694135
6346428527
7805509637
7643866685
6002803024
2126381698
6103150057
6740081983
8084162150
6649985117
7126655345
5102325738
7033860773
7182290564
7013798402
7939953026
7346586930
6359036670
7783962690
7888351664
8105085255
7198568564
1662593338
2015137251
6179131416
7654319792
8118024861
6116742683
5767515250
8123350448
7788935454
6205719173
6889177853
5690823751
379859294
7650261393
6581070294
6543127393
7494516704
1513864842
1999125325
6433178549
5680807899
7456154505
7161560782
8187108752
5812099654
6246909845
5921684648
6713784823
7698531061
7961853324
6343352123
5297529469
6782987710
6592548122
7842135571
1566828364
7215322723
7947646873
6817048443
5505884792
7813119721
7966185433
6604336052
7205881767
6344338110
7582833324
7378426878
6394749189
6995553655
6397037197
7384700602
7779315042
7891522509
5464152997
1312673286
5645476682
7498219156
1841260185
7872288581
7895819757
7738475133
7450910677
5782113188
6092485856
7757778972
6960981868
5217314058
7088985038
7745100163
7749762729
7163970861
5419602901
7506014141
6926833049
7868674426
7693197301
6721125679
8013500526
5658779863
7419064391
5080943315
7390679096
7975448292
1517942499
6450143109
7227627538
7370437076
6956652590
7891157397
7677443615
7175443771
7442320877
6426604229
7113939122
7934324130
7741496728
6402970073
7969177461
7986993907
7962077507
7004216330
6242890225
8136613137
1034809872
6062496279
6582891320
7900565137
7084018312
7460491781
7567607452
6106131558
7471914416
7855312724
6601506204
6742616194
7697164673
8115715242
1734071447
7423150820
6695772168
6983465305
5841637606
6340105472
7526884030
7185651498
7696720670
6347489642
7413941444
7884945247
8168895116
5643356210
8101286083
5854818223
7720949292
6826146988
7282373677
7737527806
5203162285
8145477900
7720897308
6259672714
5371227636
7956968571
7066107455
7570923426
7652526273
7983078153
7687846676
7989119804
6884608035
7094800161
8080854209
8071657320
1923485928
6519238998
7535858616
5807191949
6199362782
6320587876
5481391269
5203310252
6757236532
6805124469
6095213845
7435943819
6787930605
7534068479
6798864392
6533463860
6737410944
7425465373
420474759
1474659161
5592933180
5496435898
7731054605
6801547679
7548111899
1830052246
5817258965
6854756845
7968990209
7912325536
6099081998
6879004916
5534117123
6164922240
8052448503
5961613680
7120769609
5822675828
7570916616
7624293083
1798975384
7973165338
6980583880
7279924557
553869628
8146476697
7548606945
1893976099
7750888075
7955441197
6337518974
7289065006
7655535164
6256862301
6942443739
7103992980
5942836977
6365823351
6993393251
7304977906
1246424596
7607962693
7907330511
7881933639
7707177212
1846074802
5838317120
5949194372
5981656087
6660556453
6255443909
7037755276
7086267796
8191144389
5605497162
6273993050
5770804715
7877705711
8120285026
1662281344
6810324881
1842684437
1352557656
1935704459
7961617496
564428348
1397289618
7607161729
7075554045
1929758029
5115671168
6469663868
7043975064
7401338116
7557875401
6717859762
7547954529
6373719319
5616048484
7328373529
1316060223
7646381654
5373077462
6989299242
5359798589
7891335242
6570756982
7089209732
6208612986
5662097794
5349498753
5919642684
6770619478
6431917598
1371524519
7742249181
1464369677
7424541273
8104924860
5466751783
7346219092
6410171253
7412163370
6153960036
5261005540
7554471179
7967062544
1312237634
7010068767
7836029290
7776384413
1889178105
7296981070
5642911267
5858987966
5014691469
7589169208
5366666521
7125557797
1577284685
7129158880
7068342806
8052422710
6325991415
8022268252
6486024358
5693057570
7436397236
6460319518
5976852139
7541894462
6468424192
6554718216
6714826202
7063306118
7558565562
7936128709
6929955493
7432446004
6970415046
5613852798
7897505245
687871014
7353739665
5089437892
516557182
540065235
5944528871
8091008162
5091270775
5263249879
6570624113
350448125
5902691544
6489717201
5730338476
5770824860
47284045
7772206388
1614949951
7864099768
8139408667
7389336559
6333131233
7441336138
7192468187
7411559808
6592586200
6643324604
5684302666
7292154318
6389151225
5722460712
8042116819
5437433324
6486698101
6868729617
650347043
6497588209
2117918534
6914042470
6063648380
7588536254
6899895996
6873585013
8182205549
7656573988
7177637981
6476143220
117451462
8010755499
851403469
7721420414
7692895808
6143952449
7249845265
7921641253
7082269646
1882372429
7254006634
68354910
7157009373
6301377326
7318512668
7352834015
682071256
7110585448
7793371316
7016006379
7650116960
1468902300
5028776978
7130613031
7805868517
8092847685
5276285264
6299440265
7453514114
5773599942
5707487674
6795197308
5900467167
7553203545
7761677474
7636153091
8005428718
7162223035
1360852441
8156865354
6355379163
8030808708
6896002003
8134138298
7673414431
7791830961
7536104184
8036588212
7421049771
7961185193
6222171173
7603747170
7487713118
7826877976
7781116240
7604910140
5382125818
7561410605
6518895104
7046815186
7320043136
7280224271
1017803682
6303470507
6454812179
7039365610
7327977842
6048225335
1001485132
7306415849
7255627155
5581300477
1508816225
7724871352
464920060
6742491921
6398402513
7143231164
500071375
1441929580
6392761497
5501346272
7062047553
7265031166
7652452526
7755229889
5979370514
6225266472
6409811527
6573073067
5534766908
6724647037
6596451304
8156304443
8177757701
7657479980
6702961233
7943848656
8184462431
6936809673
761299830
5547149147
7441377698
7838180290
7989493282
6121751403
5871311093
7344608391
5392177483
1228563257
815545818
1033641977
5322530555
5319430735
5015086066
1943029235
7143870291
2010980522
7813019496
7700786468
6097724056
7698640177
137530145
7573004978
6465609479
1789632524
7105417761
7064356137
7808150845
7454319470
7796663310
7042128389
7850645302
5989659283
1413681696
7673525655
7007032452
2126651181
361662762
7443394454
482560338
1792672744
7534432717
7742727718
5918541174
6668494104
6242809352
7789400706
7560315671
6538397282
824786306
7401521595
7696021626
5727335305
7645361371
5213757088
6125933640
6626286608
7811184593
7413935295
7292279779
6628792537
8108381651
6486708287
5105259204
5156946447
2131963354
1688313668
1376728069
5977993618
5975768745
6321229941
7641792302
1221446051
5509313388
7817415322
428255209
6248195787
6629192182
5774901672
7407906746
6202077966
410399861
7668858652
5070227818
7278814579
1610824315
198007585
5270402136
6942434892
6537337053
1409245261
6457509204
5935646450
8106019285
6716683383
546154165
5580408740
1123175341
6148047810
5465916120
7939399479
7356379565
545603775
6511925729
6421425945
931490420
5972630042
7569859901
5635739587
6174685933
6515487075
7067940592
7558168005
7764952782
6021729246
7418418900
1331038986
1648597506
6425994278
6323599162
203207760
5078389083
2022656779
7454699693
6534023155
6718983391
5807754332
6250834876
7215849085
6090025727
7401509099
7038104451
6224837228
5574098066
7823562249
6076127169
381642623
6787388752
1201432920
7174622326
5242591110
7625486986
6108589144
5093667512
958446162
1224904574
1547983553
1800409427
6884583733
5835945059
407733999
7744616084
7817134593
5344124566
7641206960
7426119285
574971959
789008075
6528211609
6618806728
5339845236
1320071939
7226536886
927597187
1030720617
1541727907
5917105832
1976154401
7800967820
6231442913
763202993
7093426414
7312658800
6502405278
1097110510
5014023356
7068503114
633396897
6841946658
7482524480
7187532863
5779691692
8120413903
6512245658
1991779051
95468953
5598362471
7789787694
351379006
7742943901
5869900601
5512777859
5452523188
7041374582
6935452394
1285343472
633383613
8172673972
6248589256
1954516441
1514973210
1373230712
5063408027
6184775237
1076002988
6598529156
7115710151
1851783429
358263157
8041664431
5734533949
1768598324
6207524827
5383555510
1870494780
6268042846
7156132154
942907226
670003843
5934644450
5966819349
5233367239
589633469
6835866829
6088024096
1287979561
564026329
7786052561
1661308668
6863926270
7392860253
7556174034
1707060091
7083931477
6785799666
7137037797
7302271285
6455585575
5612413818
1966144922
6864537546
7528389829
6908565091
6540298101
944158212
1421698498
5611525365
6254275514
7501478769
5560453912
783651368
7164349782
2010221573
821079165
6497838711
6885262432
1555727406
6830202333
7079559528
6320309681
851061717
7202387360
7001562317
6595483543
6894721736
5926598970
8141545719
5732323900
257992349
1831372379
7218713985
971844940
122396064
7198426436
5559656553
5071819384
96049527
6837695606
5869406862
656437356
1511790156
7719497489
7292272821
7027806357
851865653
5136873097
810090520
7863531985
5508037506
83148107
5732267856
1403508297
6626933833
5955561081
7889698706
6017024453
7375828576
806596031
1885309462
6954107295
6463417699
5169960869
5165995501
6068498495
1556736843
6989261868
5098187766
6961025104
8062006339
1023805621
2014068098
6227418479
605827153
5257234414
6622394462
6377040056
1084800020
5258605339
7294977135
6989829579
7506437660
7136800949
6433700760
5398570367
6831392369
6707009760
2067551567
5793067859
2030563929
5483378996
7667758433
950702666
2013303781
6635036181
6721257350
6045739649
6552985674
7180173322
7719517736
7091205730
7564539105
6308791408
1868881900
499899755
1618343230
6867324765
6703132955
6643546104
7502435356
1510383452
7925705033
7806574865
5047592111
6338718395
1869001395
7037802489
7838985926
7222470873
1441508948
5364138775
1940657221
5325946740
6364233336
477738883
7772795403
5176479070
7407110008
5896220909
1654905187
692098257
6951708448
8181651074
1316339483
5979466209
6657042515
8028092249
5680583929
6741832907
1688694245
6386658454
7022963051
596318441
7067241863
5791251059
8051001384
6962199705
5213278412
1037463554
7400911830
949542519
8064747110
6746762386
7200538853
7167859387
2078309428
7583425216
5741590777
613761527
310103113
6745688761
6841744909
5913082401
7776796061
5746064092
6176595850
5161144022
7992063676
6437274676
1645952937
1312035339
8073604629
5930672038
1040791087
863393208
6488218936
7568194437
1784854605
6058288714
5692527728
7123748911
6677653835
1861176878
7028180290
7266760931
6039401778
802527610
5535589453
7440184240
6515948950
7298444724
6352544397
6927685339
5655608269