6793556284
1419379130
1784621399
5955353841
5936752004
1327824852
1026523476
7227608657
6037051501
7192946232
1289800498
260679377
6584024998
8005208578
7243442121
7580014722
7213701298
7957805476
6280569946
7267164092
498599694
6326693330
1407840588
5158514191
5504398714
850178466
1693845731
5574489654
1606282573
7332464714
796627508
1007956174
6394443027
6031710112
5870329446
6595168757
1078053866
7647146644
5763812476
6686954447
2082273948
5450284286
5209025886
6512370998
6877088414
5670308366
6603773262
7284713939
5050525687
5309227261
161351655
6791538644
278772049
6155414436
5568979460
6799497802
6434069419
7062258319
6081344252
6898895429
6757027690
6760556443
7348177130
6734456820
7457051094
7270854591
7262277497
7352996484
6994723863
7452452401
7077368530
7395506633
7508951506
6771707994
7529356535
7345380435
7080421661
7347717679
7385898882
7208535744
6300518148
7491565825
7784588852
1730292098
5485251165
6401600463
5381032785
1109101863
6395560805
1348897570
151819355
7278690478
217712696
7597144603
7796182799
5601501927
6636013203
736652946
5912773293
556593632
1370601477
613716344
6548111969
5801029737
1998416642
5502017462
158162434
6488951498
8072803014
6631460561
6382031665
6250928927
2050030197
6345396888
5395912566
1182354232
5937035953
6628593084
1408776203
6124494852
7607989114
6023276955
1974196695
1135902079
6337456371
6443280224
1211721734
6602377816
6345829161
6055989396
5207460284
7780453409
1908472686
1239926897
6428759633
5198879889
98562892
1985647941
1579108315
5965591533
2140876607
1008304429
7044269036
5989521120
2121332920
6820423837
1998254696
6129913541
5073101120
7396410523
7262959355
229062384
7027823815
5862933536
5059087209
6983141272
5807186492
6004380466
5441661811
690462193
5733374808
6215329383
5487464629
6765854474
2046824653
942442513
1875212508
1826555334
7939991542
6993142535
8036041361
148415417
6178582066
656443409
204625054
7349559901
1086736335
6798415667
6748347533
963066923
8087990651
7781591985
7399265305
6572622385
5462222992
6531160637
6441755541
6463376677
6634616907
6483888220
5437512671
6494610574
1123213033
6547683271
6407615925
5923083865
6445794869
6863409212
6687080480
6040369796
6463312239
6463187408
6745156385
6687422694
519026166
6397363303
6479881757
6687523913
6503362101
6484554231
6424433553
6638755017
7263491380
6725026242
6397451849
6495722507
717169147
5792978711
6577936563
6394752294
6821495616
6294841138
6685754213
6433698117
7360946118
7671901187
6772972601
6367643077
6846210258
5810874168
7210784182
6475922704
6812271089
1178371905
6880339867
6399680580
6945964211
7533300773
735465791
7315182790
6663880413
5945809047
7943848656
6744063095
7677686071
5531975788
1927494570
1943451991
1390252477
623530002
6720957363
1765132950
156464874
1480633279
6425245676
6466184810
6872855320
453387778
5093938456
5723934666
351379006
8082167780
6984720948
1752723797
5485404756
180683923
5282882990
6664704102
5012011623
7625895788
418369130
5316565634
5130225215
5965182072
159219462
5556893339
5376834169
7048996904
7716864801
528181758
242076019
6706920572
8140051918
7627300866
1130437235
1351350182
7603747170
6476812812
7272928463
643364896
7040251002
6224320021
5148994218
6474751247
6871377065
6922532441
7110784582
6942494732
7107363497
7114443761
6806952572
7105586120
6385053596
7017772711
6777726465
6818518453
7176837589
7004623992
7174561438
7086939941
6354316771
7038424877
6275429555
6858821951
7147004625
6750410308
6792996989
7110382244
6506703567
6586930658
6716040178
7186653536
7102184238
7029577165
6934095547
7067143908
2002693076
94766482
7017719613
5407760190
1890947256
7787591194
5243942491
7223904719
6915641704
1533617904
24530102
7057339186
7372112559
6477835768
5744646183
2085554259
559619407
7053190565
5754047048
794046337
6386546307
6613908808
7003060951
1111552251
1888474314
6780844995
1773035012
7100787371
6506970804
1058599474
7787012371
5413364381
1644373143
1613610662
883381699
6069030571
6462844772
6027968716
5034655400
7414400380
5410927570
6454924992
5863044034
924473591
7288565556
6548901980
335073594
434288635
6225926130
5200504203
5522983316
1373516586
1913995981
7906485796
5749459600
325256798
6986972415
965277644
7269823972
6557708367
6977582487
7198800191
7098376173
1531628204
7680779508
6693524955
1856669224
6462340636
6477938269
1943898900
6949912068
5718730043
6697321811
5284107989
5649036668
6537445828
6269316852
7091314948
1329433164
7926520207
278860359
6498447709
1973108387
1299434893
7177033849
1083294919
586588735
1984040645
1936487589
7975906830
1187444875
799083053
394887912
662750283
5321281423
1402184751
6684340716
7838686060
6984537321
5368121153
5638316214
6738120276
6912815155
178672401
1550317312
747372969
441692067
7249205800
6289172552
7856465175
7592140779
2030822952
446446345
5900674555
1024480863
6959922736
1893949044
5776677296
1045467670
5295157941
6441235873
7802104790
1779340131
6113767595
5190343084
6772128241
7099064186
637645581
7054629882
6192242631
6185669950
7914899144
7188311792
6900180457
5694440671
5655468310
7435576384
6136959117
1363332381
904898927
1158918545
5408611595
1564738027
6813040917
6624593768
7833438039
264661615
5910833602
5615468495
7507593295
1108819089
5361523953
2047510822
539126169
7222683119
5251831630
7567185513
7420530117
6966496520
2028031655
632332190
7727071826
308255720
968251797
5079842575
5065971034
1705154545
6899659833
5348680939
5724758581
1457158664
1546331849
1455186006
7065965647
6528942322
610899231
1399821915
1116205846
927646954
7147582864
5413581604
962326626
6267727620
5151753548
6116651856
772166539
5562937666
6449370830
7440184240
1488236793
7384865983
6998613947
7258775282
7711091199
7057008829
6831719981
1084147821
7030764214
6562052598
5729770953
925404148
1410005345
1516344657
5572440226
7276329172
7297353475
6352469342
448015264
8142892913
874640035
7328840798
1967810251
5321036323
2101717745
5681002314
7661924997
6014927581
838033693
7761755232
144471897
772209273
5856234675
5323329415
7191405809
6446167145
1432668780
5981464976
5727335305
297930454
7468084460
7544393737
6795557474
775503098
6887102012
6742684962
383592713
516836437
7568222222
6760757148
219602930
1145576673
1145730401
5665270183
7594828362
346910735
7152110608
5393950561
7610520162
1041145585
6513629366
7148393688
5082986405
7215922307
1742990020
6328282432
1071310717
784623989
7124190367
7405970077
6242102983
8079533359
7108578055
6784946473
5864991154
1353701907
6221462772
6692743981
871856520
7585325538
698285095
7766213921
7161200016
6011290960
6390973958
7715356998
1835901038
1319586077
7535872701
35457870
977060500
7413720676
5519031483
1498511982
6732140255
5678504330
6954694879
6980820518
7484919557
7580991651
7664138084
5344239848
6113965207
6000309568
6616236074
6301164580
7380483693
7804467318
8152004322
8017394608
6213547351
5958366468
6157870291
7569290299
7031662338
1347906268
5418379058
1787354416
237907326
1465115281
6767693528
6477057747
7545667392
6416921045
5579510184
5365668367
7593516280
2009103542
8067109224
1091677550
6222000140
5420878998
1241845410
1551283125
1485907360
5941280117
7788917750
7095378847
1779161106
1312073727
8063567590
6893345402
6297966960
5315140927
7489365078
6479243254
7590766549
1393708719
7894448515
6915799285
8013614070
7510340755
6142488513
5731196450
6574975454
8112908071
7569851177
7853833785
1243908996
188534468
2146354201
5120076935
1570360767
194381140
7704060850
7584644338
7714334051
5105055968
1279192793
6012305472
2122520217
6086290986
8120052553
5316104346
1061685341
8131944968
7014357597
6576488116
7941563845
6316287923
7303627005
6333724196
190995387
337658257
5678497057
5998974980
6795767369
7626431588
7021206504
1175221199
650347043
7896854167
1874105062
5427422252
6644054417
1549319003
7280256819
2101129938
5884388487
5246106687
1890295912
8042116819
458791491
406643514
504964128
874218149
7597082017
5706235142
1200011411
1675864395
6486708287
5880398448
6287330718
7167582383
5679684539
30357009
7306679882
73066798822
6635312831
7141098712
6551316419
6796293061
1395937106
7107912602
1411797389
766499972
6267700522
2116373069
960426985
6270959446
5547348320
1800409427
6876119046
5860530680
342298411
7312985932
7544024343
5988601478
7597070057
7743568301
5760489557
5765435924
7263617377
1281452255
7713845871
5707808655
1434793059
1441432595
6524010464
306543937
5675009961
7899043561
7674156838
5063270756
6738077561
7127490090
7331022404
2038810539
7680116929
6029060553
6453429485
8110227134
6592170140
7348367707
991310530
280656406
5445820313
5632308027
8174583103
2100653102
5602222698
365864839
1230061957
167794940
1185712791
5744944973
7438803962
6710943699
7249442109
7401959031
7120363122
6035326678
126806497
7398023420
6001939930
5914786995
6711984119
1811266779
6991976068
6583951588
5433521553
6820721057
5189275171
7107553688
7828959319
6497665161
899098893
7070000888
6822680083
6914042470
5538183957
6465777553
7626032284
6894747214
6078721816
96453843
1447932618
5284389534
1158736909
6490545533
8124916221
1730567244
954008642
6794537414
5605292744
7455425945
6210102218
7594150226
7930566333
7545737155
7034022031
5674903759
202761370
6976324350
1084901636
6654851100
1444796844
697951919
7096636823
6879561658
6679981682
7351138367
7657948077
5774675688
7868210806
6312672353
1294095211
8185304659
5378435339
7832461607
5518359713
7824398031
2145409196
7537743884
7331660888
987218459
2071158623
6062625629
7441134713
5817618683
7266718258
6339677539
6774589510
7708708641
7611045772
1206309373
1197032127
5162736727
6874979475
6363136977
7291013741
1838564745
154996434
6815475903
6092200697
5621561992
6829339840
7890032096
6979735117
6009047673
1079503526
7953941037
6983404856
7503667708
5432688441
5028762895
7984508615
2024097828
7804528171
1561591772
5614710894
7281585394
1551479062
1413979127
7542119765
7844212405
6981980180
5709144885
6555878335
5881415278
7894593807
1809533365
7855504018
458030531
7929971562
1147152067
7950854923
1729143182
7422341197
7637751082
5817577128
2074781959
7859402018
7127930241
6325715200
7426717426
1672571242
6688383933
7267363898
5649828919
704955627
6655741190
6953630824
8101092870
233175632
7283753259
7969810152
6619240338
117451462
7149451472
7918807704
6172731027
6532060655
7435440823
7629694135
6519529217
379859294
6153989096
6334635961
5475344373
7163970861
6347489642
420474759
7776384413
5981656087
5764921479
8108800045
5698173929
1102257501
5613051793
5843241844
1938066521
6542574765
6383853221
1781846088
7891335242
5349498753
5954819236
1371524519
7742249181
7730627189
7553444707
6431917598
1325947534
2139973871
5106121847
5693057570
2109004913
6468424192
7063306118
540065235
5263249879
6541091731
6484577868
5722460712
5342491779
6592586200
1270301379
6414106461
6853770043
1748751061
6868729617
6899895996
7177637981
7271062912
7215364615
6143952449
7350750273
6943602522
5207333111
8193598556
7685436700
5958170276
6941989028
5334516166
6085485671
7130613031
8030808708
5250947964
5263927691
7838180290
8036588212
7487713118
5382125818
5119954735
7280224271
7039365610
6856370895
6649314849
5442556239
464920060
6742491921
7143231164
1441929580
7062047553
1601087254
6409811527
8156304443
8177757701
7008299461
5432255311
761299830
7980588231
8125188414
5587252760
7989493282
795090659
7518787597
7077738101
1873505711
8134785192
7900972377
6121751403
6045604880
75220892
1832770893
1469323639
5392177483
8087549540
7378097189
7610245803
7677698467
6625910523
7036155515
6441119748
815545818
7821557362
6294928757
903237961
1302279926
5824403404
1750388054
5015086066
2010980522
6707268305
8176308324
6701286765
7813019496
5319430735
6097724056
456837613
519297589
7975631090
7475112652
7192510815
5371142800
7816919104
1789632524
6884380243
7457702364
7383208682
6537546724
7471251261
7796663310
1480367706
7977398470
1679359447
7850645302
6138236463
5824392676
7428892610
7673525655
5443220569
7518477892
7443394454
361662762
6525262347
7774433916
7306058510
7297528590
7112045112
482560338
1640230785
471411047
6465609479
6484862211
7234774191
7534432717
6519734056
5373077462
7803327105
1042822313
6787745232
5857152876
102149771
5930816878
7696021626
7642431101
824786306
1417458637
7894407386
8052923790
7430935040
5153282794
8051001384
7786966474
689689216
6628792537
6165357920
7292279779
5075540487
5612579019
7413935295
7265221690
6997000050
6933924395
7061669065
1511790156
8049060616
5975768745
6704292207
7817415322
1610824315
6942434892
6537337053
1099511138
6148047810
6511925729
5972630042
5807754332
7823562249
5574098066
381642623
6633986782
1547983553
1129810692
5835945059
1030720617
5344124566
5452523188
5484656183
6935452394
5792213563
1954516441
1629838880
7087642754
1727334318
1851783429
8041664431
1870494780
6268042846
1541727907
5481892277
6115710791
564026329
6785799666
5014023356
7164349782
1555727406
6320309681
5732323900
7218713985
6830202333
7093426414
7374043316
5926598970
656437356
6182838139
7464474440
8004630598
7027806357
851865653
5955561081
7609201673
6225089743
6008537689
6831392369
5793067859
7298444724
7975411908
7162223035
7417715650
6721257350
6989829579
8039082472
1868881900
7925705033
7040954859
6338718395
645417759
7838985926
8032032015
1441508948
7772795403
7407110008
6347113436
6961733524
5896220909
7919816412
6951708448
7911743769
7199857444
8028092249
7079559528
7891692421
1074312195
1301831633
6143066300
596318441
6308791408
5728682636
6962199705
650347102
1520083357
7074887970
8064747110
5049479707
6746762386
7200538853
1831372379
6841744909
5913082401
7776796061
2078309428
6123122641
6884583733
6151607934
7397284131
7992063676
5161144022
7983681572
1312035339
1645952937
6488218936
7568194437
1784854605
7079396339
6482810012
6568396956
7028180290
6761003408
7448014033
6622394462
490484416
202530886
6760807722
1922924817
5322530555
6746355560
6552985674
2013841422
2080087688
5025236236
6921263312
6179242382
7194198571
7384787449
1817981637
8110579620
1989621874
7616554086
6060358537
1818306895
7030120146
1986814609
1386931563
7437066543
7633063567
6480087603
7174405448
6634065080
7804336856
1834939094
7488683156
5567305050
7306922833
6988864821
1316339483
5259975183
6309113785
7217108244
1966620828
1682777404
6231755876
7271216956
7030308581
1933751686
6327400583
5086048022
7435734676
692098257
728333023
7650569156
881201890
5982763969
6773951150
907309007
1602233876
7313437651
7799250207
8083595415
5650186996
1579921936
6576170314
8143676876
1305962375
5475906483
286623506
767296060
6093255215
164215995
942907226
6357087029
7651460869
8096858375
7863517859
6785906167
6462518884
6556050717
5654605990
7275464229
7321195952
5486533931
765899087
6317511644
1987147597
5257234414
7065897805
5666077477
6058226845
7849526759
5501151012
1128194464
8121868722
8069581779
7265235149
6885201093
7114484075
7077762667
6949695064
6019172001
8055876134
8124882454
7679566680
6530524782
6224837228
7917538021
7416998919
6948241152
7221870650
5606625055
7882822779
6685537091
7007645592
6575000218
6654454663
6314869199
7707218336
7942729455
8063222557
1781583816
7202320663
7632088613
7046984919
5018014257
7118608513
5277708950
5341083358
5049960906
7994309141
7868482720
5394881058
6305983145
7746943649
5208524493
5257517703
7313328592
